25.00	8.1708295
25.20	8.1792752
25.40	8.1798279
25.60	8.1748716
25.80	8.1741813
26.00	8.175347
26.20	8.1705557
26.40	8.1676354
26.60	8.1784031
26.80	8.1977738
27.00	8.2140785
27.20	8.2283302
27.40	8.2487419
27.60	8.2731856
27.80	8.2937663
28.00	8.310018
28.20	8.3256987
28.40	8.3432514
28.60	8.3608101
28.80	8.3771248
29.00	8.3964035
29.20	8.4196742
29.40	8.4408699
29.60	8.4532146
29.80	8.4602713
30.00	8.472374
30.20	8.4863277
30.40	8.4941484
30.60	8.5019051
30.80	8.5167888
31.00	8.5330425
31.20	8.5444902
31.40	8.5576759
31.60	8.5807346
31.80	8.6081483
32.00	8.628442
32.20	8.6451087
32.40	8.6685254
32.60	8.6953641
32.80	8.7136828
33.00	8.7272065
33.20	8.7478132
33.40	8.7745439
33.60	8.7953786
33.80	8.8103783
34.00	8.832029
34.20	8.8590297
34.40	8.8803434
34.60	8.8952051
34.80	8.9154458
35.00	8.9450765
35.20	8.9723952
35.40	8.9929599
35.60	9.0188176
35.80	9.0521823
36.00	9.07894
36.20	9.0952947
36.40	9.1139984
36.60	9.1405091
36.80	9.1675598
37.00	9.1929265
37.20	9.2219482
37.40	9.2573349
37.60	9.2916726
37.80	9.3183573
38.00	9.343932
38.20	9.3743637
38.40	9.4060554
38.60	9.4345011
38.80	9.4626288
39.00	9.4927155
39.20	9.5180722
39.40	9.5356979
39.60	9.5541306
39.80	9.5788463
40.00	9.601758
40.20	9.6168097
40.40	9.6299144
40.60	9.6464311
40.80	9.6622628
41.00	9.6751055
41.20	9.6908922
41.40	9.7101819
41.60	9.7280756
41.80	9.7457543
42.00	9.767513
42.20	9.7934007
42.40	9.8175434
42.60	9.8392611
42.80	9.8602858
43.00	9.8780225
43.20	9.8935922
43.40	9.9092059
43.60	9.9251626
43.80	9.9411983
44.00	9.957025
44.20	9.9721627
44.40	9.9876274
44.60	10.0037691
44.80	10.0212288
45.00	10.0413115
45.20	10.0618522
45.40	10.0820459
45.60	10.1033796
45.80	10.1255853
46.00	10.146696
46.20	10.1650487
46.40	10.1815674
46.60	10.1975411
46.80	10.2127868
47.00	10.2275895
47.20	10.2416112
47.40	10.2557859
47.60	10.2722686
47.80	10.2915183
48.00	10.31146
48.20	10.3336977
48.40	10.3622434
48.60	10.3947891
48.80	10.4238398
49.00	10.4488475
49.20	10.4767042
49.40	10.5077239
49.60	10.5343236
49.80	10.5556943
50.00	10.580879
50.20	10.6117107
50.40	10.6370934
50.60	10.6538491
50.80	10.6718338
51.00	10.6910975
51.20	10.6995742
51.40	10.6945649
51.60	10.6895776
51.80	10.6907473
52.00	10.690152
52.20	10.6839957
52.40	10.6806754
52.60	10.6871731
52.80	10.6953338
53.00	10.6982455
53.20	10.7044522
53.40	10.7167099
53.60	10.7215286
53.80	10.7108123
54.00	10.694144
54.20	10.6831437
54.40	10.6734844
54.60	10.6579301
54.80	10.6431428
55.00	10.6365605
55.20	10.6362342
55.40	10.6397499
55.60	10.6490926
55.80	10.6669743
56.00	10.688884
56.20	10.7078907
56.40	10.7226414
56.60	10.7352721
56.80	10.7468508
57.00	10.7581965
57.20	10.7728962
57.40	10.7902619
57.60	10.8060676
57.80	10.8221933
58.00	10.844404
58.20	10.8704627
58.40	10.8962344
58.60	10.9229571
58.80	10.9521848
59.00	10.9859855
59.20	11.0270402
59.40	11.0774929
59.60	11.1355196
59.80	11.1968323
60.00	11.255617
60.20	11.3107037
60.40	11.3631294
60.60	11.4095001
60.80	11.4502538
61.00	11.4918825
61.20	11.5365282
61.40	11.5821229
61.60	11.6313276
61.80	11.6880283
62.00	11.752187
62.20	11.8160157
62.40	11.8706334
62.60	11.9157001
62.80	11.9570288
63.00	11.9954415
63.20	12.0280102
63.40	12.0555059
63.60	12.0807216
63.80	12.1021503
64.00	12.117014
64.20	12.1290357
64.40	12.1458014
64.60	12.1669441
64.80	12.1838778
65.00	12.1952475
65.20	12.2081462
65.40	12.2237179
65.60	12.2383046
65.80	12.2528243
66.00	12.269137
66.20	12.2868237
66.40	12.3023914
66.60	12.3137271
66.80	12.3251758
67.00	12.3385825
67.20	12.3474812
67.40	12.3480069
67.60	12.3438616
67.80	12.3389293
68.00	12.331248
68.20	12.3187647
68.40	12.3048474
68.60	12.2950431
68.80	12.2865188
69.00	12.2755455
69.20	12.2694692
69.40	12.2732159
69.60	12.2817316
69.80	12.2834043
70.00	12.277356
70.20	12.2722117
70.40	12.2702444
70.60	12.2642881
70.80	12.2538408
71.00	12.2505985
71.20	12.2565232
71.40	12.2641579
71.60	12.2729836
71.80	12.2915903
72.00	12.31909
72.20	12.3414737
72.40	12.3553014
72.60	12.3713361
72.80	12.3940298
73.00	12.4140655
73.20	12.4280752
73.40	12.4459529
73.60	12.4714096
73.80	12.4934753
74.00	12.504966
74.20	12.5152907
74.40	12.5329064
74.60	12.5498861
74.80	12.5604648
75.00	12.5748315
75.20	12.6004382
75.40	12.6292529
75.60	12.6533056
75.80	12.6820503
76.00	12.725605
76.20	12.7727157
76.40	12.8091204
76.60	12.8412911
76.80	12.8794898
77.00	12.9149765
77.20	12.9371152
77.40	12.9542819
77.60	12.9806706
77.80	13.0120143
78.00	13.037665
78.20	13.0632817
78.40	13.0993564
78.60	13.1422881
78.80	13.1806938
79.00	13.2155075
79.20	13.2524912
79.40	13.2862579
79.60	13.3072646
79.80	13.3185143
80.00	13.331297
80.20	13.3441877
80.40	13.3485584
80.60	13.3457141
80.80	13.3464218
81.00	13.3532945
81.20	13.3586922
81.40	13.3622619
81.60	13.3705606
81.80	13.3821153
82.00	13.390734
82.20	13.3968277
82.40	13.4069344
82.60	13.4230781
82.80	13.4393938
83.00	13.4527115
83.20	13.4641672
83.40	13.4755989
83.60	13.4847906
83.80	13.4901953
84.00	13.495607
84.20	13.5035127
84.40	13.5133814
84.60	13.5232551
84.80	13.5324488
85.00	13.5441075
85.20	13.5574762
85.40	13.5685429
85.60	13.5777066
85.80	13.5891323
86.00	13.603575
86.20	13.6191367
86.40	13.6339264
86.60	13.6463441
86.80	13.6561898
87.00	13.6651405
87.20	13.6759742
87.40	13.6872149
87.60	13.6956486
87.80	13.7018453
88.00	13.710079
88.20	13.7220887
88.40	13.7362544
88.60	13.7515481
88.80	13.7695218
89.00	13.7925565
89.20	13.8131012
89.40	13.8251779
89.60	13.8376236
89.80	13.8560053
90.00	13.872879
90.20	13.8826797
90.40	13.8893614
90.60	13.9011341
90.80	13.9166348
91.00	13.9285285
91.20	13.9396092
91.40	13.9561839
91.60	13.9743716
91.80	13.9841663
92.00	13.987497
92.20	13.9975327
92.40	14.0159594
92.60	14.0303221
92.80	14.0364258
93.00	14.0446745
93.20	14.0582972
93.40	14.0683399
93.60	14.0723766
93.80	14.0790543
94.00	14.09077
94.20	14.0982007
94.40	14.0990374
94.60	14.1036041
94.80	14.1158498
95.00	14.1261215
95.20	14.1307242
95.40	14.1385329
95.60	14.1554336
95.80	14.1734943
96.00	14.184305
96.20	14.1938457
96.40	14.2089914
96.60	14.2255301
96.80	14.2414308
97.00	14.2610995
97.20	14.2856962
97.40	14.3098129
97.60	14.3290446
97.80	14.3476383
98.00	14.367741
98.20	14.3842787
98.40	14.3952924
98.60	14.4048751
98.80	14.4159808
99.00	14.4255555
99.20	14.4335542
99.40	14.4463739
99.60	14.4642176
99.80	14.4824653
100.00	14.500774
100.20	14.5214187
100.40	14.5434774
100.60	14.5638511
100.80	14.5838558
101.00	14.6044365
101.20	14.6209682
101.40	14.6324759
101.60	14.6426926
101.80	14.6559353
102.00	14.675562
102.20	14.6987397
102.40	14.7231004
102.60	14.7483411
102.80	14.7730608
103.00	14.7958475
103.20	14.8162802
103.40	14.8343549
103.60	14.8497086
103.80	14.8636283
104.00	14.877308
104.20	14.8926047
104.40	14.9113024
104.60	14.9341831
104.80	14.9600408
105.00	14.9869265
105.20	15.0084892
105.40	15.0238399
105.60	15.0391126
105.80	15.0544773
106.00	15.065494
106.20	15.0697137
106.40	15.0759134
106.60	15.0879901
106.80	15.1006308
107.00	15.1125445
107.20	15.1285532
107.40	15.1506409
107.60	15.1691936
107.80	15.1798053
108.00	15.187709
108.20	15.1957417
108.40	15.1979934
108.60	15.1921131
108.80	15.1855628
109.00	15.1841155
109.20	15.1860122
109.40	15.1865819
109.60	15.1886226
109.80	15.1957233
110.00	15.204486
110.20	15.2077407
110.40	15.2056694
110.60	15.2036241
110.80	15.1979628
111.00	15.1852265
111.20	15.1747792
111.40	15.1750899
111.60	15.1815706
111.80	15.1876443
112.00	15.193452
112.20	15.2021927
112.40	15.2123824
112.60	15.2203661
112.80	15.2286488
113.00	15.2414445
113.20	15.2591082
113.40	15.2757649
113.60	15.2902926
113.80	15.3076143
114.00	15.328322
114.20	15.3466277
114.40	15.3599524
114.60	15.3729701
114.80	15.3873638
115.00	15.4002855
115.20	15.4115212
115.40	15.4276389
115.60	15.4484466
115.80	15.4643443
116.00	15.473795
116.20	15.4830977
116.40	15.4934434
116.60	15.4998351
116.80	15.5002458
117.00	15.5005745
117.20	15.5052592
117.40	15.5110539
117.60	15.5142536
117.80	15.5191113
118.00	15.532944
118.20	15.5489877
118.40	15.5575304
118.60	15.5624031
118.80	15.5706448
119.00	15.5803925
119.20	15.5844122
119.40	15.5838009
119.60	15.5842356
119.80	15.5854323
120.00	15.584938
120.20	15.5887287
120.40	15.6027204
120.60	15.6200111
120.80	15.6341808
121.00	15.6472405
121.20	15.6621932
121.40	15.6797539
121.60	15.6984586
121.80	15.7180973
122.00	15.734932
122.20	15.7457977
122.40	15.7555834
122.60	15.7687961
122.80	15.7838158
123.00	15.8002335
123.20	15.8197632
123.40	15.8424179
123.60	15.8645016
123.80	15.8818943
124.00	15.897184
124.20	15.9151017
124.40	15.9358084
124.60	15.9540281
124.80	15.9698718
125.00	15.9888855
125.20	16.0135372
125.40	16.0434259
125.60	16.0737256
125.80	16.1019603
126.00	16.128457
126.20	16.1528047
126.40	16.1737894
126.60	16.1918411
126.80	16.2096948
127.00	16.2278085
127.20	16.2450572
127.40	16.2619099
127.60	16.2800976
127.80	16.2988593
128.00	16.316757
128.20	16.3344327
128.40	16.3514774
128.60	16.3666941
128.80	16.3826518
129.00	16.4012905
129.20	16.4203462
129.40	16.4374349
129.60	16.4506696
129.80	16.4611953
130.00	16.472186
130.20	16.4832067
130.40	16.4925914
130.60	16.5025161
130.80	16.5146948
131.00	16.5266145
131.20	16.5377722
131.40	16.5489149
131.60	16.5604826
131.80	16.5716453
132.00	16.581981
132.20	16.5929697
132.40	16.6066514
132.60	16.6251731
132.80	16.6467838
133.00	16.6703125
133.20	16.6967192
133.40	16.7248519
133.60	16.7506856
133.80	16.7704443
134.00	16.787348
134.20	16.8058327
134.40	16.8252784
134.60	16.8421841
134.80	16.8559418
135.00	16.8702495
135.20	16.8866942
135.40	16.9037459
135.60	16.9205836
135.80	16.9356753
136.00	16.950055
136.20	16.9659457
136.40	16.9819944
136.60	16.9977131
136.80	17.0121838
137.00	17.0249745
137.20	17.0355402
137.40	17.0419689
137.60	17.0451776
137.80	17.0516173
138.00	17.063854
138.20	17.0752347
138.40	17.0833974
138.60	17.0912991
138.80	17.0996948
139.00	17.1078415
139.20	17.1198512
139.40	17.1390759
139.60	17.1611426
139.80	17.1812133
140.00	17.199662
140.20	17.2216207
140.40	17.2476854
140.60	17.2731701
140.80	17.2940198
141.00	17.3113435
141.20	17.3261902
141.40	17.3344169
141.60	17.3387606
141.80	17.3489863
142.00	17.366239
142.20	17.3836647
142.40	17.4000174
142.60	17.4186021
142.80	17.4411218
143.00	17.4636835
143.20	17.4824012
143.40	17.4975479
143.60	17.5081286
143.80	17.5099013
144.00	17.506539
144.20	17.5066537
144.40	17.5108094
144.60	17.5174611
144.80	17.5254108
145.00	17.5352815
145.20	17.5482242
145.40	17.5652669
145.60	17.5849726
145.80	17.6043423
146.00	17.620334
146.20	17.6313487
146.40	17.6390914
146.60	17.6464561
146.80	17.6581258
147.00	17.6701665
147.20	17.6797952
147.40	17.6875249
147.60	17.6937406
147.80	17.6989393
148.00	17.704095
148.20	17.7119777
148.40	17.7197034
148.60	17.7280781
148.80	17.7388938
149.00	17.7507565
149.20	17.7659392
149.40	17.7865299
149.60	17.8088046
149.80	17.8290173
150.00	17.845844
150.20	17.8604197
150.40	17.8777014
150.60	17.8952931
150.80	17.9101808
151.00	17.9246675
151.20	17.9383892
151.40	17.9475239
151.60	17.9517616
151.80	17.9586273
152.00	17.970977
152.20	17.9809817
152.40	17.9840654
152.60	17.9888181
152.80	18.0022298
153.00	18.0183245
153.20	18.0312532
153.40	18.0454459
153.60	18.0657496
153.80	18.0862693
154.00	18.100838
154.20	18.1142457
154.40	18.1300544
154.60	18.1404901
154.80	18.1419068
155.00	18.1420305
155.20	18.1483362
155.40	18.1582399
155.60	18.1666576
155.80	18.1752683
156.00	18.185059
156.20	18.1914577
156.40	18.1907574
156.60	18.1907201
156.80	18.1938228
157.00	18.1915845
157.20	18.1821642
157.40	18.1704099
157.60	18.1606346
157.80	18.1522903
158.00	18.143887
158.20	18.1376127
158.40	18.1360684
158.60	18.1349891
158.80	18.1302898
159.00	18.1270825
159.20	18.1259092
159.40	18.1191139
159.60	18.1008346
159.80	18.0752763
160.00	18.051429
160.20	18.0301437
160.40	18.0110704
160.60	18.0009751
160.80	18.0023988
161.00	18.0078695
161.20	18.0108682
161.40	18.0159879
161.60	18.0289276
161.80	18.0457523
162.00	18.057783
162.20	18.0650207
162.40	18.0740224
162.60	18.0821581
162.80	18.0847298
163.00	18.0861395
163.20	18.0906442
163.40	18.0982959
163.60	18.1075726
163.80	18.1179143
164.00	18.132937
164.20	18.1526897
164.40	18.1727694
164.60	18.1894011
164.80	18.2057708
165.00	18.2266455
165.20	18.2480572
165.40	18.2637009
165.60	18.2727666
165.80	18.2794643
166.00	18.287418
166.20	18.2980697
166.40	18.3111514
166.60	18.3263191
166.80	18.3450908
167.00	18.3664005
167.20	18.3888812
167.40	18.4134109
167.60	18.4378986
167.80	18.4571623
168.00	18.469765
168.20	18.4789797
168.40	18.4895944
168.60	18.5015151
168.80	18.5108208
169.00	18.5191105
169.20	18.5280482
169.40	18.5370459
169.60	18.5418146
169.80	18.5422803
170.00	18.545469
170.20	18.5540367
170.40	18.5629134
170.60	18.5672221
170.80	18.5712538
171.00	18.5794515
171.20	18.5884462
171.40	18.5937409
171.60	18.5980136
171.80	18.6036383
172.00	18.608781
172.20	18.6145277
172.40	18.6244124
172.60	18.6394841
172.80	18.6561398
173.00	18.6693625
173.20	18.6817772
173.40	18.7012179
173.60	18.7227466
173.80	18.7352483
174.00	18.738866
174.20	18.7408327
174.40	18.7426114
174.60	18.7401831
174.80	18.7385198
175.00	18.7452285
175.20	18.7537132
175.40	18.7556759
175.60	18.7537136
175.80	18.7549373
176.00	18.760846
176.20	18.7673627
176.40	18.7722524
176.60	18.7769441
176.80	18.7828168
177.00	18.7896995
177.20	18.7961192
177.40	18.8006199
177.60	18.8029316
177.80	18.8013473
178.00	18.797999
178.20	18.7966757
178.40	18.8002924
178.60	18.8090731
178.80	18.8181408
179.00	18.8219185
179.20	18.8179362
179.40	18.8121859
179.60	18.8104356
179.80	18.8102463
180.00	18.80943
180.20	18.8096587
180.40	18.8119654
180.60	18.8143871
180.80	18.8140598
181.00	18.8169575
181.20	18.8252582
181.40	18.8313379
181.60	18.8325026
181.80	18.8348953
182.00	18.844759
182.20	18.8556277
182.40	18.8611034
182.60	18.8655631
182.80	18.8694428
183.00	18.8707335
183.20	18.8725372
183.40	18.8780159
183.60	18.8876756
183.80	18.8992093
184.00	18.908509
184.20	18.9152187
184.40	18.9219814
184.60	18.9284871
184.80	18.9326598
185.00	18.9364065
185.20	18.9394192
185.40	18.9390019
185.60	18.9363456
185.80	18.9355563
186.00	18.938589
186.20	18.9416387
186.40	18.9409184
186.60	18.9391781
186.80	18.9400988
187.00	18.9411185
187.20	18.9389482
187.40	18.9334499
187.60	18.9263316
187.80	18.9175263
188.00	18.908211
188.20	18.9037287
188.40	18.9066584
188.60	18.9129221
188.80	18.9201718
189.00	18.9308155
189.20	18.9445322
189.40	18.9586559
189.60	18.9737326
189.80	18.9918853
190.00	19.010313
190.20	19.0241897
190.40	19.0357164
190.60	19.0460771
190.80	19.0549768
191.00	19.0630735
191.20	19.0714392
191.40	19.0830929
191.60	19.0955316
191.80	19.1079083
192.00	19.122964
192.20	19.1409737
192.40	19.1584564
192.60	19.1695601
192.80	19.1721798
193.00	19.1717785
193.20	19.1734172
193.40	19.1747519
193.60	19.1752736
193.80	19.1802413
194.00	19.189428
194.20	19.1945707
194.40	19.1935844
194.60	19.1928231
194.80	19.1953218
195.00	19.1970995
195.20	19.1951492
195.40	19.1934279
195.60	19.1959856
195.80	19.1958043
196.00	19.190618
196.20	19.1874917
196.40	19.1894274
196.60	19.1916001
196.80	19.1891018
197.00	19.1861255
197.20	19.1874912
197.40	19.1898029
197.60	19.1885576
197.80	19.1824793
198.00	19.173209
198.20	19.1629047
198.40	19.1494444
198.60	19.1350731
198.80	19.1269608
199.00	19.1270695
199.20	19.1278482
199.40	19.1248869
199.60	19.1237196
199.80	19.1243553
200.00	19.123397
200.20	19.1182467
200.40	19.1093584
200.60	19.0974831
200.80	19.0840528
201.00	19.0713715
201.20	19.0614282
201.40	19.0541229
201.60	19.0463566
201.80	19.0370963
202.00	19.027605
202.20	19.0200577
202.40	19.0160314
202.60	19.0205051
202.80	19.0288688
203.00	19.0307515
203.20	19.0269632
203.40	19.0270269
203.60	19.0312486
203.80	19.0336093
204.00	19.035758
204.20	19.0383837
204.40	19.0392904
204.60	19.0381671
204.80	19.0377538
205.00	19.0426405
205.20	19.0525872
205.40	19.0591709
205.60	19.0596226
205.80	19.0597033
206.00	19.063616
206.20	19.0692087
206.40	19.0732734
206.60	19.0776421
206.80	19.0817788
207.00	19.0825545
207.20	19.0789492
207.40	19.0780399
207.60	19.0862496
207.80	19.0952813
208.00	19.096889
208.20	19.0946987
208.40	19.0938524
208.60	19.0892071
208.80	19.0736508
209.00	19.0548745
209.20	19.0420592
209.40	19.0298219
209.60	19.0139826
209.80	18.9996363
210.00	18.995395
210.20	19.0000647
210.40	19.0014624
210.60	18.9974741
210.80	18.9949848
211.00	18.9949685
211.20	18.9915202
211.40	18.9831379
211.60	18.9763346
211.80	18.9683863
212.00	18.954589
212.20	18.9387097
212.40	18.9275764
212.60	18.9254951
212.80	18.9250428
213.00	18.9215745
213.20	18.9204032
213.40	18.9255459
213.60	18.9313086
213.80	18.9309623
214.00	18.930125
214.20	18.9322537
214.40	18.9323834
214.60	18.9283621
214.80	18.9247278
215.00	18.9254235
215.20	18.9269512
215.40	18.9232739
215.60	18.9178806
215.80	18.9171923
216.00	18.916754
216.20	18.9136317
216.40	18.9129364
216.60	18.9168051
216.80	18.9199718
217.00	18.9166415
217.20	18.9100092
217.40	18.9083619
217.60	18.9118896
217.80	18.9099023
218.00	18.901437
218.20	18.8944027
218.40	18.8883944
218.60	18.8796211
218.80	18.8705968
219.00	18.8683925
219.20	18.8711562
219.40	18.8685469
219.60	18.8624206
219.80	18.8597763
220.00	18.859448
220.20	18.8570777
220.40	18.8498414
220.60	18.8438491
220.80	18.8414928
221.00	18.8362105
221.20	18.8280292
221.40	18.8235459
221.60	18.8232386
221.80	18.8197423
222.00	18.812591
222.20	18.8116307
222.40	18.8224424
222.60	18.8367411
222.80	18.8442238
223.00	18.8471075
223.20	18.8502982
223.40	18.8518629
223.60	18.8460666
223.80	18.8382523
224.00	18.837685
224.20	18.8420947
224.40	18.8442934
224.60	18.8432291
224.80	18.8460258
225.00	18.8515365
225.20	18.8485482
225.40	18.8327089
225.60	18.8145806
225.80	18.7990693
226.00	18.778271
226.20	18.7532247
226.40	18.7378324
226.60	18.7377781
226.80	18.7377668
227.00	18.7263595
227.20	18.7158172
227.40	18.7185869
227.60	18.7232416
227.80	18.7171553
228.00	18.706192
228.20	18.6989367
228.40	18.6889384
228.60	18.6702171
228.80	18.6520808
229.00	18.6450765
229.20	18.6414652
229.40	18.6274059
229.60	18.6111726
229.80	18.6049443
230.00	18.604048
230.20	18.5997827
230.40	18.5950894
230.60	18.5968971
230.80	18.6005998
231.00	18.5962395
231.20	18.5857462
231.40	18.5811809
231.60	18.5802006
231.80	18.5716613
232.00	18.55722
232.20	18.5472667
232.40	18.5397384
232.60	18.5252951
232.80	18.5067128
233.00	18.4925855
233.20	18.4804352
233.40	18.4597699
233.60	18.4365316
233.80	18.4247083
234.00	18.42138
234.20	18.4139767
234.40	18.4022214
234.60	18.3951801
234.80	18.3914038
235.00	18.3812715
235.20	18.3660292
235.40	18.3570179
235.60	18.3516346
235.80	18.3371763
236.00	18.313733
236.20	18.2953787
236.40	18.2844244
236.60	18.2705171
236.80	18.2503768
237.00	18.2337375
237.20	18.2263442
237.40	18.2178789
237.60	18.2043196
237.80	18.1958453
238.00	18.195158
238.20	18.1893427
238.40	18.1732224
238.60	18.1544471
238.80	18.1411328
239.00	18.1292775
239.20	18.1134102
239.40	18.0987739
239.60	18.0900296
239.80	18.0821003
240.00	18.067891
240.20	18.0511217
240.40	18.0399474
240.60	18.0308741
240.80	18.0129708
241.00	17.9871585
241.20	17.9613142
241.40	17.9379129
241.60	17.9145006
241.80	17.8933973
242.00	17.879535
242.20	17.8699487
242.40	17.8581354
242.60	17.8456791
242.80	17.8397608
243.00	17.8407875
243.20	17.8429042
243.40	17.8430859
243.60	17.8432186
243.80	17.8449073
244.00	17.844441
244.20	17.8394367
244.40	17.8333934
244.60	17.8287211
244.80	17.8230048
245.00	17.8102185
245.20	17.7945762
245.40	17.7806399
245.60	17.7659706
245.80	17.7508383
246.00	17.734855
246.20	17.7218407
246.40	17.7165044
246.60	17.7145111
246.80	17.7124408
247.00	17.7134605
247.20	17.7179912
247.40	17.7210269
247.60	17.7174846
247.80	17.7065693
248.00	17.69188
248.20	17.6760167
248.40	17.6571814
248.60	17.6373351
248.80	17.6234988
249.00	17.6191425
249.20	17.6185382
249.40	17.6130179
249.60	17.6051216
249.80	17.5979953
250.00	17.586716
250.20	17.5676587
250.40	17.5448184
250.60	17.5257851
250.80	17.5096978
251.00	17.4940805
251.20	17.4822592
251.40	17.4756419
251.60	17.4712426
251.80	17.4653223
252.00	17.457821
252.20	17.4505927
252.40	17.4408274
252.60	17.4263811
252.80	17.4122188
253.00	17.4026275
253.20	17.3966922
253.40	17.3924419
253.60	17.3881536
253.80	17.3801953
254.00	17.369068
254.20	17.3585127
254.40	17.3482664
254.60	17.3343311
254.80	17.3160538
255.00	17.2989195
255.20	17.2836042
255.40	17.2656559
255.60	17.2442766
255.80	17.2280653
256.00	17.219563
256.20	17.2068257
256.40	17.1844524
256.60	17.1614571
256.80	17.1435848
257.00	17.1231405
257.20	17.0963592
257.40	17.0706649
257.60	17.0532866
257.80	17.0400743
258.00	17.021651
258.20	17.0058947
258.40	17.0010314
258.60	16.9959111
258.80	16.9803228
259.00	16.9601115
259.20	16.9471332
259.40	16.9390539
259.60	16.9258516
259.80	16.9120673
260.00	16.905449
260.20	16.8995417
260.40	16.8836054
260.60	16.8639401
260.80	16.8518768
261.00	16.8439885
261.20	16.8285252
261.40	16.8043379
261.60	16.7840846
261.80	16.7742413
262.00	16.767566
262.20	16.7584797
262.40	16.7522104
262.60	16.7495721
262.80	16.7416628
263.00	16.7281975
263.20	16.7237852
263.40	16.7295789
263.60	16.7332766
263.80	16.7304743
264.00	16.72629
264.20	16.7253307
264.40	16.7232394
264.60	16.7187171
264.80	16.7177228
265.00	16.7171945
265.20	16.7089212
265.40	16.6916459
265.60	16.6739616
265.80	16.6634133
266.00	16.653976
266.20	16.6407407
266.40	16.6256514
266.60	16.6102241
266.80	16.5940758
267.00	16.5796245
267.20	16.5689672
267.40	16.5618239
267.60	16.5527726
267.80	16.5421513
268.00	16.534712
268.20	16.5289917
268.40	16.5231764
268.60	16.5180141
268.80	16.5133698
269.00	16.5046255
269.20	16.4938352
269.40	16.4833109
269.60	16.4741856
269.80	16.4667453
270.00	16.457416
270.20	16.4465777
270.40	16.4411994
270.60	16.4455771
270.80	16.4592978
271.00	16.4787905
271.20	16.4997662
271.40	16.5193129
271.60	16.5328766
271.80	16.5400243
272.00	16.544662
272.20	16.5481527
272.40	16.5470764
272.60	16.5432491
272.80	16.5421888
273.00	16.5468555
273.20	16.5554182
273.40	16.5652079
273.60	16.5780166
273.80	16.5921563
274.00	16.601239
274.20	16.6034197
274.40	16.6043044
274.60	16.6067401
274.80	16.6068218
275.00	16.5999665
275.20	16.5892132
275.40	16.5778639
275.60	16.5642116
275.80	16.5489363
276.00	16.536816
276.20	16.5330847
276.40	16.5320394
276.60	16.5241631
276.80	16.5144738
277.00	16.5108945
277.20	16.5069542
277.40	16.4951019
277.60	16.4789356
277.80	16.4628003
278.00	16.444421
278.20	16.4233307
278.40	16.4063184
278.60	16.3981681
278.80	16.3923358
279.00	16.3788925
279.20	16.3608932
279.40	16.3486869
279.60	16.3411916
279.80	16.3287883
280.00	16.313849
280.20	16.3046877
280.40	16.2989904
280.60	16.2915991
280.80	16.2827028
281.00	16.2774735
281.20	16.2728052
281.40	16.2603959
281.60	16.2411116
281.80	16.2227363
282.00	16.206758
282.20	16.1859547
282.40	16.1615324
282.60	16.1402021
282.80	16.1185168
283.00	16.0909485
283.20	16.0604552
283.40	16.0357919
283.60	16.0164946
283.80	15.9922693
284.00	15.962344
284.20	15.9378987
284.40	15.9224194
284.60	15.9071151
284.80	15.8904768
285.00	15.8807415
285.20	15.8749932
285.40	15.8593249
285.60	15.8368106
285.80	15.8201993
286.00	15.810211
286.20	15.7970557
286.40	15.7789284
286.60	15.7615931
286.80	15.7410728
287.00	15.7092375
287.20	15.6686162
287.40	15.6322709
287.60	15.5998336
287.80	15.5607743
288.00	15.518437
288.20	15.4864627
288.40	15.4669114
288.60	15.4470241
288.80	15.4204458
289.00	15.3939385
289.20	15.3705762
289.40	15.3397609
289.60	15.3012336
289.80	15.2652533
290.00	15.233616
290.20	15.1979357
290.40	15.1591894
290.60	15.1283741
290.80	15.1067898
291.00	15.0863805
291.20	15.0636112
291.40	15.0426549
291.60	15.0250396
291.80	15.0078413
292.00	14.990449
292.20	14.9785247
292.40	14.9742564
292.60	14.9694571
292.80	14.9600448
293.00	14.9490395
293.20	14.9382072
293.40	14.9254869
293.60	14.9107516
293.80	14.8994003
294.00	14.891306
294.20	14.8838377
294.40	14.8748054
294.60	14.8688591
294.80	14.8667878
295.00	14.8663875
295.20	14.8657822
295.40	14.8676399
295.60	14.8747926
295.80	14.8833783
296.00	14.895388
296.20	14.9100277
296.40	14.9242904
296.60	14.9331671
296.80	14.9344658
297.00	14.9317085
297.20	14.9256232
297.40	14.9151129
297.60	14.9036816
297.80	14.8966663
298.00	14.89385
298.20	14.8901277
298.40	14.8853284
298.60	14.8835801
298.80	14.8843488
299.00	14.8862315
299.20	14.8866872
299.40	14.8883419
299.60	14.8893666
299.80	14.8792893
300.00	14.860265
300.20	14.8413987
300.40	14.8244514
300.60	14.8061471
300.80	14.7823988
301.00	14.7604375
301.20	14.7443512
301.40	14.7278869
301.60	14.7110026
301.80	14.7001863
302.00	14.696253
302.20	14.6884187
302.40	14.6705014
302.60	14.6477661
302.80	14.6261398
303.00	14.5986915
303.20	14.5603832
303.40	14.5192409
303.60	14.4848616
303.80	14.4553423
304.00	14.428288
304.20	14.4096087
304.40	14.3987354
304.60	14.3852981
304.80	14.3581778
305.00	14.3226395
305.20	14.2914072
305.40	14.2622359
305.60	14.2286256
305.80	14.1932833
306.00	14.166596
306.20	14.1454567
306.40	14.1183454
306.60	14.0862051
306.80	14.0608278
307.00	14.0411595
307.20	14.0130822
307.40	13.9783289
307.60	13.9491786
307.80	13.9272353
308.00	13.905597
308.20	13.8845417
308.40	13.8706584
308.60	13.8638091
308.80	13.8523938
309.00	13.8332335
309.20	13.8170112
309.40	13.8088319
309.60	13.7985086
309.80	13.7757673
310.00	13.751008
310.20	13.7349707
310.40	13.7223694
310.60	13.7057771
310.80	13.6892248
311.00	13.6828695
311.20	13.6796312
311.40	13.6695109
311.60	13.6582756
311.80	13.6542893
312.00	13.652541
312.20	13.6430697
312.40	13.6315734
312.60	13.6238041
312.80	13.6139098
313.00	13.5963335
313.20	13.5781922
313.40	13.5729159
313.60	13.5758376
313.80	13.5758173
314.00	13.575856
314.20	13.5830657
314.40	13.5902754
314.60	13.5881361
314.80	13.5776398
315.00	13.5629825
315.20	13.5444462
315.40	13.5194759
315.60	13.4949806
315.80	13.4814303
316.00	13.475392
316.20	13.4656447
316.40	13.4500484
316.60	13.4348501
316.80	13.4215178
317.00	13.4013555
317.20	13.3738372
317.40	13.3470479
317.60	13.3171136
317.80	13.2769183
318.00	13.229913
318.20	13.1876047
318.40	13.1570074
318.60	13.1315401
318.80	13.1094658
319.00	13.0940745
319.20	13.0825592
319.40	13.0718209
319.60	13.0630676
319.80	13.0613973
320.00	13.064995
320.20	13.0654907
320.40	13.0574024
320.60	13.0424441
320.80	13.0242388
321.00	12.9970215
321.20	12.9597012
321.40	12.9203269
321.60	12.8845056
321.80	12.8555373
322.00	12.831745
322.20	12.8165307
322.40	12.8101544
322.60	12.8027901
322.80	12.7903628
323.00	12.7789925
323.20	12.7715692
323.40	12.7648569
323.60	12.7564406
323.80	12.7445733
324.00	12.728869
324.20	12.7098457
324.40	12.6886864
324.60	12.6716211
324.80	12.6616158
325.00	12.6513525
325.20	12.6370892
325.40	12.6241009
325.60	12.6130426
325.80	12.5982563
326.00	12.577103
326.20	12.5590037
326.40	12.5457534
326.60	12.5285961
326.80	12.5065928
327.00	12.4871345
327.20	12.4759362
327.40	12.4651189
327.60	12.4488336
327.80	12.4342313
328.00	12.426284
328.20	12.4167337
328.40	12.3971964
328.60	12.3721751
328.80	12.3465808
329.00	12.3120965
329.20	12.2636462
329.40	12.2138879
329.60	12.1751906
329.80	12.1438003
330.00	12.109905
330.20	12.0756407
330.40	12.0461084
330.60	12.0137841
330.80	11.9720898
331.00	11.9328055
331.20	11.9078812
331.40	11.8869079
331.60	11.8577866
331.80	11.8284683
332.00	11.809555
332.20	11.7944657
332.40	11.7709594
332.60	11.7424601
332.80	11.7185828
333.00	11.7001565
333.20	11.6811102
333.40	11.6583859
333.60	11.6430286
333.80	11.6357693
334.00	11.622413
334.20	11.5978747
334.40	11.5689634
334.60	11.5422571
334.80	11.5184328
335.00	11.4947505
335.20	11.4776622
335.40	11.4753289
335.60	11.4837796
335.80	11.5009983
336.00	11.532382
336.20	11.5774537
336.40	11.6281634
336.60	11.6728251
336.80	11.7080508
337.00	11.7365085
337.20	11.7585432
337.40	11.7713709
337.60	11.7799656
337.80	11.7930373
338.00	11.809481
338.20	11.8220697
338.40	11.8285424
338.60	11.8367231
338.80	11.8489408
339.00	11.8581135
339.20	11.8572222
339.40	11.8504489
339.60	11.8454656
339.80	11.8385783
340.00	11.824389
340.20	11.8064327
340.40	11.7932014
340.60	11.7817561
340.80	11.7620928
341.00	11.7394675
341.20	11.7196562
341.40	11.6983769
341.60	11.6721076
341.80	11.6397383
342.00	11.607957
342.20	11.5851207
342.40	11.5641544
342.60	11.5416221
342.80	11.5251028
343.00	11.5142665
343.20	11.4974682
343.40	11.4685549
343.60	11.4355046
343.80	11.4050523
344.00	11.370804
344.20	11.3292027
344.40	11.2873484
344.60	11.2493601
344.80	11.2099298
345.00	11.1631615
345.20	11.1143602
345.40	11.0722139
345.60	11.0304066
345.80	10.9831333
346.00	10.935645
346.20	10.8919127
346.40	10.8460144
346.60	10.7894881
346.80	10.7315008
347.00	10.6811025
347.20	10.6375972
347.40	10.6006239
347.60	10.5745686
347.80	10.5620553
348.00	10.553879
348.20	10.5379987
348.40	10.5152154
348.60	10.4956291
348.80	10.4790218
349.00	10.4604205
349.20	10.4445822
349.40	10.4371349
349.60	10.4330116
349.80	10.4200023
350.00	10.392694
350.20	10.3544627
350.40	10.3116334
350.60	10.2706111
350.80	10.2372908
351.00	10.2179445
351.20	10.2097412
351.40	10.2062809
351.60	10.2108646
351.80	10.2275613
352.00	10.252702
352.20	10.2831467
352.40	10.3173344
352.60	10.3536401
352.80	10.3871518
353.00	10.4127375
353.20	10.4323472
353.40	10.4435069
353.60	10.4426676
353.80	10.4297583
354.00	10.414417
354.20	10.4059187
354.40	10.4054474
354.60	10.4162641
354.80	10.4394008
355.00	10.4693495
355.20	10.4955212
355.40	10.5170229
355.60	10.5357726
355.80	10.5451413
356.00	10.537346
356.20	10.5150057
356.40	10.4911264
356.60	10.4686571
356.80	10.4410178
357.00	10.4075095
357.20	10.3740182
357.40	10.3396279
357.60	10.2973646
357.80	10.2539433
358.00	10.224543
358.20	10.2100797
358.40	10.1993224
358.60	10.1906521
358.80	10.1897338
359.00	10.1915095
359.20	10.1785432
359.40	10.1452939
359.60	10.0975486
359.80	10.0360173
360.00	9.955654
360.20	9.8634497
360.40	9.7821694
360.60	9.7241161
360.80	9.6847138
361.00	9.6589065
361.20	9.6547692
361.40	9.6722199
361.60	9.6944766
361.80	9.7085153
362.00	9.714577
362.20	9.7139107
362.40	9.6947394
362.60	9.6520381
362.80	9.5994128
363.00	9.5479055
363.20	9.4929122
363.40	9.4329819
363.60	9.3762476
363.80	9.3293393
364.00	9.289647
364.20	9.2456027
364.40	9.1996764
364.60	9.1581841
364.80	9.1185648
365.00	9.0772355
365.20	9.0424822
365.40	9.0266809
365.60	9.0258436
365.80	9.0260553
366.00	9.012942
366.20	8.9807467
366.40	8.9247224
366.60	8.8426161
366.80	8.7401488
367.00	8.6309155
367.20	8.5257742
367.40	8.4230789
367.60	8.3286686
367.80	8.2514313
368.00	8.192339
368.20	8.1449787
368.40	8.1053574
368.60	8.0731611
368.80	8.0479628
369.00	8.0261285
369.20	8.0036092
369.40	7.9853919
369.60	7.9703726
369.80	7.9569073
370.00	7.947461
370.20	7.9458747
370.40	7.9549384
370.60	7.9721361
370.80	7.9973138
371.00	8.0406725
371.20	8.1031492
371.40	8.1698979
371.60	8.2350506
371.80	8.2915193
372.00	8.323356
372.20	8.3173597
372.40	8.2751394
372.60	8.2079081
372.80	8.1206738
373.00	8.0192015
373.20	7.9156162
373.40	7.8272119
373.60	7.7608766
373.80	7.7091603
374.00	7.669929
374.20	7.6474687
374.40	7.6403714
374.60	7.6403731
374.80	7.6393428
375.00	7.6378845
375.20	7.6368052
375.40	7.6257809
375.60	7.5978086
375.80	7.5598033
376.00	7.52522
376.20	7.4950587
376.40	7.4645684
376.60	7.4388121
376.80	7.4240898
377.00	7.4129875
377.20	7.3913342
377.40	7.3628649
377.60	7.3398116
377.80	7.3229343
378.00	7.303654
378.20	7.2831987
378.40	7.2681854
378.60	7.2577831
378.80	7.2462098
379.00	7.2294715
379.20	7.2121012
379.40	7.1948869
379.60	7.1712356
379.80	7.1410093
380.00	7.115985
380.20	7.1002877
380.40	7.0852414
380.60	7.0645581
380.80	7.0480498
381.00	7.0440965
381.20	7.0418262
381.40	7.0321419
381.60	7.0225306
381.80	7.0189743
382.00	7.014564
382.20	7.0010817
382.40	6.9872884
382.60	6.9889261
382.80	7.0065458
383.00	7.0338925
383.20	7.0725842
383.40	7.1277599
383.60	7.1885116
383.80	7.2288533
384.00	7.238286
384.20	7.2216907
384.40	7.1804164
384.60	7.1176641
384.80	7.0482448
385.00	6.9991585
385.20	6.9727372
385.40	6.9508949
385.60	6.9264706
385.80	6.8961863
386.00	6.855739
386.20	6.7983287
386.40	6.7291004
386.60	6.6629861
386.80	6.6050888
387.00	6.5452975
387.20	6.4854892
387.40	6.4377389
387.60	6.4009706
387.80	6.3630223
388.00	6.321645
388.20	6.2909087
388.40	6.2725994
388.60	6.2607171
388.80	6.2500328
389.00	6.2402675
389.20	6.2298672
389.40	6.2111389
389.60	6.1835936
389.80	6.1585283
390.00	6.139328
390.20	6.1188167
390.40	6.0966054
390.60	6.0733451
390.80	6.0519218
391.00	6.0307545
391.20	6.0094532
391.40	5.9939669
391.60	5.9800966
391.80	5.9620363
392.00	5.938198
392.20	5.9149077
392.40	5.9002544
392.60	5.8937581
392.80	5.8902498
393.00	5.8896995
393.20	5.8942162
393.40	5.8967459
393.60	5.8913486
393.80	5.8833913
394.00	5.875101
394.20	5.8622547
394.40	5.8413434
394.60	5.8170501
394.80	5.8011368
395.00	5.7933845
395.20	5.7856722
395.40	5.7764989
395.60	5.7677626
395.80	5.7532583
396.00	5.731629
396.20	5.7094277
396.40	5.6918614
396.60	5.6805371
396.80	5.6702978
397.00	5.6576135
397.20	5.6467472
397.40	5.6340479
397.60	5.6156286
397.80	5.5980383
398.00	5.582468
398.20	5.5622297
398.40	5.5338634
398.60	5.5043881
398.80	5.4793898
399.00	5.4592655
399.20	5.4358442
399.40	5.4123469
399.60	5.3949966
399.80	5.3770683
400.00	5.358119
400.20	5.3412547
400.40	5.3294464
400.60	5.3190791
400.80	5.3017618
401.00	5.2789415
401.20	5.2609502
401.40	5.2478519
401.60	5.2318496
401.80	5.2129233
402.00	5.196813
402.20	5.1810237
402.40	5.1585684
402.60	5.1354351
402.80	5.1224538
403.00	5.1163235
403.20	5.1059642
403.40	5.0926729
403.60	5.0836996
403.80	5.0779813
404.00	5.072602
404.20	5.0650087
404.40	5.0578424
404.60	5.0496461
404.80	5.0321728
405.00	5.0070415
405.20	4.9803702
405.40	4.9580979
405.60	4.9389316
405.80	4.9155763
406.00	4.892825
406.20	4.8786177
406.40	4.8711794
406.60	4.8655161
406.80	4.8627758
407.00	4.8709365
407.20	4.8935792
407.40	4.9261159
407.60	4.9686816
407.80	5.0244473
408.00	5.088331
408.20	5.1444097
408.40	5.1791964
408.60	5.1891541
408.80	5.1762138
409.00	5.1431155
409.20	5.0919352
409.40	5.0374599
409.60	4.9890746
409.80	4.9523793
410.00	4.924836
410.20	4.9005807
410.40	4.8882954
410.60	4.8873351
410.80	4.8874018
411.00	4.8802845
411.20	4.8626862
411.40	4.8292639
411.60	4.7728666
411.80	4.6970863
412.00	4.612543
412.20	4.5190827
412.40	4.4133034
412.60	4.3056181
412.80	4.2042918
413.00	4.1122765
413.20	4.0363282
413.40	3.9808059
413.60	3.9426146
413.80	3.9138123
414.00	3.89238
414.20	3.8838327
414.40	3.8908094
414.60	3.9089011
414.80	3.9345928
415.00	3.9655975
415.20	3.9912212
415.40	3.9952099
415.60	3.9736356
415.80	3.9362973
416.00	3.887657
416.20	3.8291707
416.40	3.7687284
416.60	3.7208701
416.80	3.6901718
417.00	3.6709945
417.20	3.6626362
417.40	3.6665119
417.60	3.6807556
417.80	3.6939793
418.00	3.70054
418.20	3.7085727
418.40	3.7225304
418.60	3.7356561
418.80	3.7408858
419.00	3.7423145
419.20	3.7484432
419.40	3.7534399
419.60	3.7498076
419.80	3.7456343
420.00	3.747023
420.20	3.7490807
420.40	3.7427804
420.60	3.7338721
420.80	3.7309408
421.00	3.7273445
421.20	3.7168152
421.40	3.7020169
421.60	3.6909876
421.80	3.6808933
422.00	3.662466
422.20	3.6404377
422.40	3.6240994
422.60	3.6112391
422.80	3.5924448
423.00	3.5689125
423.20	3.5534292
423.40	3.5464829
423.60	3.5358676
423.80	3.5252673
424.00	3.532613
424.20	3.5575737
424.40	3.5894104
424.60	3.6326541
424.80	3.6975888
425.00	3.7753345
425.20	3.8425732
425.40	3.8889169
425.60	3.9170286
425.80	3.9196453
426.00	3.877838
426.20	3.7922947
426.40	3.6838934
426.60	3.5667741
426.80	3.4408828
427.00	3.3126375
427.20	3.1987842
427.40	3.1065409
427.60	3.0295636
427.80	2.9573173
428.00	2.898749
428.20	2.8590677
428.40	2.8273244
428.60	2.7956431
428.80	2.7683068
429.00	2.7510895
429.20	2.7335342
429.40	2.7097939
429.60	2.6882276
429.80	2.6724913
430.00	2.658439
430.20	2.6439667
430.40	2.6311654
430.60	2.6225951
430.80	2.6181678
431.00	2.6133325
431.20	2.6077272
431.40	2.6053749
431.60	2.6017556
431.80	2.5943563
432.00	2.586803
432.20	2.5838227
432.40	2.5822404
432.60	2.5724971
432.80	2.5611368
433.00	2.5588315
433.20	2.5656172
433.40	2.5745759
433.60	2.5819436
433.80	2.5943813
434.00	2.613763
434.20	2.6335117
434.40	2.6497094
434.60	2.6585691
434.80	2.6620878
435.00	2.6635615
435.20	2.6599052
435.40	2.6582079
435.60	2.6624976
435.80	2.6680073
436.00	2.670149
436.20	2.6682337
436.40	2.6644774
436.60	2.6589881
436.80	2.6501898
437.00	2.6375525
437.20	2.6243052
437.40	2.6103349
437.60	2.5933176
437.80	2.5762743
438.00	2.565004
438.20	2.5582727
438.40	2.5496314
438.60	2.5364681
438.80	2.5208048
439.00	2.5050345
439.20	2.4859892
439.40	2.4656579
439.60	2.4498106
439.80	2.4315023
440.00	2.405156
440.20	2.3748897
440.40	2.3495604
440.60	2.3289521
440.80	2.3038978
441.00	2.2694745
441.20	2.2325182
441.40	2.1995429
441.60	2.1674866
441.80	2.1350013
442.00	2.107334
442.20	2.0851527
442.40	2.0589014
442.60	2.0253891
442.80	1.9926528
443.00	1.9679785
443.20	1.9449202
443.40	1.9186939
443.60	1.8933076
443.80	1.8763513
444.00	1.86796
444.20	1.8634247
444.40	1.8713594
444.60	1.8948681
444.80	1.9228888
445.00	1.9456695
445.20	1.9597232
445.40	1.9681109
445.60	1.9646776
445.80	1.9368783
446.00	1.888841
446.20	1.8372407
446.40	1.7938134
446.60	1.7560171
446.80	1.7210718
447.00	1.6930935
447.20	1.6692792
447.40	1.6382329
447.60	1.5936726
447.80	1.5474373
448.00	1.516002
448.20	1.4990907
448.40	1.4881134
448.60	1.4882561
448.80	1.4989698
449.00	1.5090095
449.20	1.5143732
449.40	1.5196099
449.60	1.5306546
449.80	1.5405473
450.00	1.540975
450.20	1.5382657
450.40	1.5431214
450.60	1.5506041
450.80	1.5532678
451.00	1.5538855
451.20	1.5560852
451.40	1.5590269
451.60	1.5585826
451.80	1.5574613
452.00	1.562395
452.20	1.5709307
452.40	1.5731904
452.60	1.5689431
452.80	1.5668838
453.00	1.5698165
453.20	1.5700932
453.40	1.5653399
453.60	1.5605316
453.80	1.5563743
454.00	1.547917
454.20	1.5297887
454.40	1.5097934
454.60	1.4939041
454.80	1.4778958
455.00	1.4575505
455.20	1.4367842
455.40	1.4271309
455.60	1.4260906
455.80	1.4204723
456.00	1.41018
456.20	1.4006697
456.40	1.3905984
456.60	1.3732241
456.80	1.3501808
457.00	1.3348765
457.20	1.3258032
457.40	1.3142659
457.60	1.3043466
457.80	1.3040833
458.00	1.315025
458.20	1.3276367
458.40	1.3343614
458.60	1.3405361
458.80	1.3504228
459.00	1.3574665
459.20	1.3587042
459.40	1.3591169
459.60	1.3611676
459.80	1.3625133
460.00	1.358638
460.20	1.3529047
460.40	1.3513354
460.60	1.3526521
460.80	1.3528538
461.00	1.3492815
461.20	1.3436992
461.40	1.3366429
461.60	1.3281816
461.80	1.3225443
462.00	1.32118
462.20	1.3202497
462.40	1.3197254
462.60	1.3208361
462.80	1.3239478
463.00	1.3270565
463.20	1.3284282
463.40	1.3257199
463.60	1.3186006
463.80	1.3091733
464.00	1.296618
464.20	1.2825427
464.40	1.2716984
464.60	1.2627971
464.80	1.2515808
465.00	1.2373915
465.20	1.2231912
465.40	1.2104549
465.60	1.1956466
465.80	1.1779883
466.00	1.156376
466.20	1.1306397
466.40	1.1015844
466.60	1.0757191
466.80	1.0605268
467.00	1.0496575
467.20	1.0377702
467.40	1.0302039
467.60	1.0275166
467.80	1.0231303
468.00	1.021169
468.20	1.0279367
468.40	1.0453164
468.60	1.0722391
468.80	1.1073338
469.00	1.1478725
469.20	1.1886622
469.40	1.2181549
469.60	1.2195506
469.80	1.1885843
470.00	1.128562
470.20	1.0528077
470.40	0.9786114
470.60	0.9182681
470.80	0.8702778
471.00	0.8308215
471.20	0.8002962
471.40	0.7765999
471.60	0.7583556
471.80	0.7440713
472.00	0.736864
472.20	0.7324817
472.40	0.7243314
472.60	0.7129521
472.80	0.7042058
473.00	0.7046335
473.20	0.7076922
473.40	0.7086729
473.60	0.7072666
473.80	0.7051233
474.00	0.706536
474.20	0.7110617
474.40	0.7127414
474.60	0.7147441
474.80	0.7164498
475.00	0.7094585
475.20	0.6959832
475.40	0.6878999
475.60	0.6911016
475.80	0.6935663
476.00	0.687923
476.20	0.6806827
476.40	0.6767834
476.60	0.6724591
476.80	0.6674138
477.00	0.6662445
477.20	0.6693322
477.40	0.6767239
477.60	0.6908566
477.80	0.7181623
478.00	0.758578
478.20	0.8034657
478.40	0.8394844
478.60	0.8550701
478.80	0.8501498
479.00	0.8297765
479.20	0.7978022
479.40	0.7622739
479.60	0.7308346
479.80	0.7058793
480.00	0.690285
480.20	0.6818517
480.40	0.6805594
480.60	0.6837651
480.80	0.6828438
481.00	0.6726485
481.20	0.6574032
481.40	0.6447899
481.60	0.6366386
481.80	0.6322853
482.00	0.630058
482.20	0.6317067
482.40	0.6380244
482.60	0.6466441
482.80	0.6604008
483.00	0.6840995
483.20	0.7114312
483.40	0.7315709
483.60	0.7442396
483.80	0.7546353
484.00	0.763279
484.20	0.7740767
484.40	0.7900664
484.60	0.8047141
484.80	0.8111628
485.00	0.8084405
485.20	0.8029712
485.40	0.7981489
485.60	0.7877286
485.80	0.7710173
486.00	0.755184
486.20	0.7419107
486.40	0.7311814
486.60	0.7255511
486.80	0.7284938
487.00	0.7329825
487.20	0.7261672
487.40	0.7136769
487.60	0.7014766
487.80	0.6920593
488.00	0.689313
488.20	0.6930327
488.40	0.7029274
488.60	0.7109821
488.80	0.7117678
489.00	0.7085595
489.20	0.7028962
489.40	0.6899169
489.60	0.6657756
489.80	0.6314093
490.00	0.593909
490.20	0.5609007
490.40	0.5306264
490.60	0.5034141
490.80	0.4813338
491.00	0.4601575
491.20	0.4337802
491.40	0.4060129
491.60	0.3830056
491.80	0.3635043
492.00	0.345304
492.20	0.3239787
492.40	0.3005014
492.60	0.2753901
492.80	0.2460958
493.00	0.2126735
493.20	0.1771842
493.40	0.1402209
493.60	0.1020096
493.80	0.0645393
494.00	0.035798
494.20	0.0179217
494.40	0.0090104
494.60	0.0073391
494.80	0.0084138
495.00	0.0081665
495.20	0.0053482
495.40	0.0022119
495.60	0.0011606
495.80	0.0011063
496.00	0
496.20	0.0009507
496.40	0.0047474
496.60	0.0072011
496.80	0.0071358
497.00	0.0081045
497.20	0.0111062
497.40	0.0142689
497.60	0.0193156
497.80	0.0289383
498.00	0.044805
498.20	0.0692597
498.40	0.1006334
498.60	0.1359761
498.80	0.1702098
499.00	0.1984495
499.20	0.2209292
499.40	0.2409449
499.60	0.2608926
499.80	0.2771573
500.00	0.286869
500.20	0.2948857
500.40	0.3060594
500.60	0.3190241
500.80	0.3326568
501.00	0.3481945
501.20	0.3647662
501.40	0.3787939
501.60	0.3870416
501.80	0.3941673
502.00	0.40202
502.20	0.4090857
502.40	0.4215094
502.60	0.4405891
502.80	0.4591998
503.00	0.4734495
503.20	0.4897092
503.40	0.5090459
503.60	0.5221916
503.80	0.5250293
504.00	0.524017
504.20	0.5191177
504.40	0.5082484
504.60	0.4978591
504.80	0.4944088
505.00	0.4975675
505.20	0.5000132
505.40	0.5004179
505.60	0.5066106
505.80	0.5193743
506.00	0.530644
506.20	0.5391577
506.40	0.5520324
506.60	0.5666651
506.80	0.5709128
507.00	0.5645665
507.20	0.5594232
507.40	0.5587859
507.60	0.5531586
507.80	0.5389363
508.00	0.53092
508.20	0.5336037
508.40	0.5332484
508.60	0.5251061
508.80	0.5240128
509.00	0.5341785
509.20	0.5382052
509.40	0.5302489
509.60	0.5252146
509.80	0.5359513
510.00	0.548571
510.20	0.5487297
510.40	0.5455184
510.60	0.5476571
510.80	0.5515428
511.00	0.5495625
511.20	0.5452442
511.40	0.5464459
511.60	0.5507766
511.80	0.5526383
512.00	0.550743
512.20	0.5542407
512.40	0.5617194
512.60	0.5604781
512.80	0.5540298
513.00	0.5536825
513.20	0.5583062
513.40	0.5599199
513.60	0.5596436
513.80	0.5639833
514.00	0.569461
514.20	0.5661137
514.40	0.5537324
514.60	0.5404971
514.80	0.5277938
515.00	0.5111965
515.20	0.4920412
515.40	0.4809829
515.60	0.4775696
515.80	0.4701303
516.00	0.461645
516.20	0.4604127
516.40	0.4623824
516.60	0.4638381
516.80	0.4625358
517.00	0.4592175
517.20	0.4531992
517.40	0.4388959
517.60	0.4204566
517.80	0.4089613
518.00	0.404263
518.20	0.4034417
518.40	0.4034024
518.60	0.4068971
518.80	0.4188798
519.00	0.4333955
519.20	0.4459632
519.40	0.4583209
519.60	0.4725516
519.80	0.4805183
520.00	0.479326
520.20	0.4766217
520.40	0.4776044
520.60	0.4830351
520.80	0.4830088
521.00	0.4794075
521.20	0.4837632
521.40	0.4902479
521.60	0.4946306
521.80	0.5030613
522.00	0.514886
522.20	0.5249877
522.40	0.5331814
522.60	0.5457741
522.80	0.5681808
523.00	0.5989055
523.20	0.6372752
523.40	0.6858329
523.60	0.7469966
523.80	0.8172273
524.00	0.890299
524.20	0.9629607
524.40	1.0318334
524.60	1.0808891
524.80	1.0955358
525.00	1.0787165
525.20	1.0462952
525.40	1.0054439
525.60	0.9606486
525.80	0.9257763
526.00	0.90945
526.20	0.9034087
526.40	0.8951204
526.60	0.8871751
526.80	0.8856138
527.00	0.8866515
527.20	0.8784482
527.40	0.8652079
527.60	0.8609426
527.80	0.8659973
528.00	0.868474
528.20	0.8702987
528.40	0.8855844
528.60	0.9111331
528.80	0.9299608
529.00	0.9361875
529.20	0.9453252
529.40	0.9621909
529.60	0.9740186
529.80	0.9745213
530.00	0.975287
530.20	0.9855507
530.40	0.9943334
530.60	0.9965351
530.80	1.0040388
531.00	1.0245165
531.20	1.0403282
531.40	1.0389719
531.60	1.0348886
531.80	1.0391693
532.00	1.043117
532.20	1.0392207
532.40	1.0378204
532.60	1.0470021
532.80	1.0624278
533.00	1.0766195
533.20	1.0884772
533.40	1.1040479
533.60	1.1206396
533.80	1.1284973
534.00	1.128909
534.20	1.1332947
534.40	1.1452804
534.60	1.1551631
534.80	1.1604668
535.00	1.1653195
535.20	1.1731342
535.40	1.1797239
535.60	1.1821746
535.80	1.1892113
536.00	1.200739
536.20	1.2053107
536.40	1.2005704
536.60	1.1990851
536.80	1.2096338
537.00	1.2256875
537.20	1.2397612
537.40	1.2545129
537.60	1.2755616
537.80	1.2999153
538.00	1.319104
538.20	1.3337327
538.40	1.3508604
538.60	1.3705521
538.80	1.3867528
539.00	1.4009025
539.20	1.4210552
539.40	1.4496599
539.60	1.4803886
539.80	1.5096953
540.00	1.536488
540.20	1.5616807
540.40	1.5850934
540.60	1.6049831
540.80	1.6212128
541.00	1.6399595
541.20	1.6647032
541.40	1.6852569
541.60	1.7017256
541.80	1.7201503
542.00	1.740499
542.20	1.7565587
542.40	1.7660574
542.60	1.7720721
542.80	1.7763608
543.00	1.7790345
543.20	1.7808542
543.40	1.7861879
543.60	1.7985206
543.80	1.8154453
544.00	1.828109
544.20	1.8334307
544.40	1.8375214
544.60	1.8438181
544.80	1.8470458
545.00	1.8454285
545.20	1.8457322
545.40	1.8527989
545.60	1.8655446
545.80	1.8763103
546.00	1.884096
546.20	1.8979737
546.40	1.9134024
546.60	1.9209261
546.80	1.9216308
547.00	1.9249525
547.20	1.9341422
547.40	1.9412409
547.60	1.9427496
547.80	1.9479183
548.00	1.959786
548.20	1.9697537
548.40	1.9790694
548.60	1.9913641
548.80	2.0093038
549.00	2.0303795
549.20	2.0458302
549.40	2.0616299
549.60	2.0821026
549.80	2.1006443
550.00	2.111529
550.20	2.1197017
550.40	2.1320864
550.60	2.1456081
550.80	2.1556098
551.00	2.1669665
551.20	2.1856462
551.40	2.2051599
551.60	2.2199996
551.80	2.2325863
552.00	2.246151
552.20	2.2586557
552.40	2.2661354
552.60	2.2728881
552.80	2.2859418
553.00	2.2992825
553.20	2.3075472
553.40	2.3152159
553.60	2.3262286
553.80	2.3385503
554.00	2.346346
554.20	2.3518827
554.40	2.3580964
554.60	2.3639181
554.80	2.3694758
555.00	2.3765955
555.20	2.3901492
555.40	2.4077449
555.60	2.4243406
555.80	2.4374203
556.00	2.451973
556.20	2.4692737
556.40	2.4815924
556.60	2.4873601
556.80	2.4903138
557.00	2.4929015
557.20	2.4974012
557.40	2.5051179
557.60	2.5144456
557.80	2.5252393
558.00	2.533996
558.20	2.5432287
558.40	2.5572904
558.60	2.5728361
558.80	2.5906588
559.00	2.6108345
559.20	2.6312982
559.40	2.6527549
559.60	2.6727646
559.80	2.6901263
560.00	2.707393
560.20	2.7218877
560.40	2.7335584
560.60	2.7423001
560.80	2.7509528
561.00	2.7637985
561.20	2.7784172
561.40	2.7924979
561.60	2.8071836
561.80	2.8222333
562.00	2.837922
562.20	2.8546117
562.40	2.8714144
562.60	2.8875811
562.80	2.9050188
563.00	2.9271755
563.20	2.9520652
563.40	2.9801639
563.60	3.0165816
563.80	3.0587623
564.00	3.099864
564.20	3.1353287
564.40	3.1628664
564.60	3.1847531
564.80	3.2048978
565.00	3.2242945
565.20	3.2469332
565.40	3.2713849
565.60	3.2951716
565.80	3.3206183
566.00	3.349939
566.20	3.3793837
566.40	3.4047074
566.60	3.4295781
566.80	3.4516048
567.00	3.4708575
567.20	3.4914932
567.40	3.5135119
567.60	3.5315196
567.80	3.5468373
568.00	3.562259
568.20	3.5753937
568.40	3.5857614
568.60	3.5965971
568.80	3.6094298
569.00	3.6212385
569.20	3.6320042
569.40	3.6439819
569.60	3.6618006
569.80	3.6805513
570.00	3.696442
570.20	3.7131707
570.40	3.7313034
570.60	3.7474611
570.80	3.7571678
571.00	3.7611825
571.20	3.7669522
571.40	3.7753079
571.60	3.7806836
571.80	3.7890233
572.00	3.808363
572.20	3.8316307
572.40	3.8480914
572.60	3.8637021
572.80	3.8851268
573.00	3.9091065
573.20	3.9315422
573.40	3.9523059
573.60	3.9762756
573.80	4.0002843
574.00	4.017354
574.20	4.0298817
574.40	4.0425744
574.60	4.0572521
574.80	4.0657978
575.00	4.0647605
575.20	4.0654842
575.40	4.0709999
575.60	4.0738146
575.80	4.0752243
576.00	4.083028
576.20	4.0933997
576.40	4.1030164
576.60	4.1135921
576.80	4.1325658
577.00	4.1616525
577.20	4.1865762
577.40	4.2036759
577.60	4.2186296
577.80	4.2369183
578.00	4.256927
578.20	4.2730267
578.40	4.2871904
578.60	4.3051761
578.80	4.3240698
579.00	4.3399265
579.20	4.3569592
579.40	4.3808949
579.60	4.4083786
579.80	4.4332673
580.00	4.457449
580.20	4.4851807
580.40	4.5159344
580.60	4.5432581
580.80	4.5659388
581.00	4.5905815
581.20	4.6165312
581.40	4.6386089
581.60	4.6580436
581.80	4.6814163
582.00	4.707647
582.20	4.7316317
582.40	4.7491674
582.60	4.7596261
582.80	4.7681778
583.00	4.7753245
583.20	4.7820662
583.40	4.7878759
583.60	4.7960136
583.80	4.8071233
584.00	4.817972
584.20	4.8300977
584.40	4.8431744
584.60	4.8546591
584.80	4.8660638
585.00	4.8785625
585.20	4.8891362
585.40	4.9003449
585.60	4.9122846
585.80	4.9233403
586.00	4.932756
586.20	4.9443767
586.40	4.9597064
586.60	4.9715961
586.80	4.9776498
587.00	4.9811165
587.20	4.9850082
587.40	4.9868389
587.60	4.9881226
587.80	4.9955663
588.00	5.011696
588.20	5.0292007
588.40	5.0396424
588.60	5.0467891
588.80	5.0581668
589.00	5.0710475
589.20	5.0762862
589.40	5.0773119
589.60	5.0842446
589.80	5.0927943
590.00	5.093151
590.20	5.0887917
590.40	5.0892454
590.60	5.0954531
590.80	5.0959828
591.00	5.0899215
591.20	5.0898802
591.40	5.0956189
591.60	5.0968946
591.80	5.0938873
592.00	5.098003
592.20	5.1110097
592.40	5.1228934
592.60	5.1304791
592.80	5.1440898
593.00	5.1654535
593.20	5.1846692
593.40	5.2005909
593.60	5.2212796
593.80	5.2468603
594.00	5.266985
594.20	5.2783357
594.40	5.2912634
594.60	5.3106121
594.80	5.3300618
595.00	5.3411935
595.20	5.3505652
595.40	5.3662409
595.60	5.3814806
595.80	5.3904983
596.00	5.398708
596.20	5.4164477
596.40	5.4370344
596.60	5.4477631
596.80	5.4520688
597.00	5.4627225
597.20	5.4784402
597.40	5.4924279
597.60	5.5067476
597.80	5.5305573
598.00	5.561767
598.20	5.5893047
598.40	5.6165414
598.60	5.6488901
598.80	5.6821298
599.00	5.7079455
599.20	5.7260642
599.40	5.7452369
599.60	5.7659166
599.80	5.7834543
600.00	5.801045
600.20	5.8215437
600.40	5.8413144
600.60	5.8548261
600.80	5.8643748
601.00	5.8759665
601.20	5.8905982
601.40	5.9083849
601.60	5.9274116
601.80	5.9491003
602.00	5.972681
602.20	5.9920897
602.40	6.0114864
602.60	6.0352591
602.80	6.0587168
603.00	6.0767985
603.20	6.0960132
603.40	6.1213099
603.60	6.1431016
603.80	6.1585813
604.00	6.17443
604.20	6.1959227
604.40	6.2185574
604.60	6.2369041
604.80	6.2559178
605.00	6.2805435
605.20	6.3045092
605.40	6.3194569
605.60	6.3287336
605.80	6.3388563
606.00	6.348434
606.20	6.3573887
606.40	6.3700834
606.60	6.3897271
606.80	6.4151628
607.00	6.4376865
607.20	6.4562352
607.40	6.4788369
607.60	6.5021436
607.80	6.5213413
608.00	6.53586
608.20	6.5505567
608.40	6.5704684
608.60	6.5934291
608.80	6.6181898
609.00	6.6466535
609.20	6.6794232
609.40	6.7091149
609.60	6.7308046
609.80	6.7512483
610.00	6.775182
610.20	6.7961987
610.40	6.8102784
610.60	6.8264901
610.80	6.8512658
611.00	6.8777785
611.20	6.8959082
611.40	6.9103249
611.60	6.9321056
611.80	6.9553643
612.00	6.97071
612.20	6.9791327
612.40	6.9897544
612.60	7.0016391
612.80	7.0098878
613.00	7.0192235
613.20	7.0368682
613.40	7.0603699
613.60	7.0782696
613.80	7.0893243
614.00	7.103479
614.20	7.1233957
614.40	7.1384074
614.60	7.1474101
614.80	7.1536838
615.00	7.1592575
615.20	7.1637752
615.40	7.1693689
615.60	7.1818916
615.80	7.1963993
616.00	7.208015
616.20	7.2184037
616.40	7.2344874
616.60	7.2516351
616.80	7.2625888
617.00	7.2707585
617.20	7.2824242
617.40	7.2988309
617.60	7.3136176
617.80	7.3274563
618.00	7.347093
618.20	7.3712757
618.40	7.3900234
618.60	7.4056661
618.80	7.4253388
619.00	7.4446725
619.20	7.4588352
619.40	7.4702859
619.60	7.4870566
619.80	7.5081273
620.00	7.522254
620.20	7.5307217
620.40	7.5509724
620.60	7.5821191
620.80	7.6095598
621.00	7.6332615
621.20	7.6576062
621.40	7.6814479
621.60	7.7019046
621.80	7.7208793
622.00	7.748305
622.20	7.7855247
622.40	7.8183554
622.60	7.8443681
622.80	7.8734518
623.00	7.9108825
623.20	7.9488582
623.40	7.9807639
623.60	8.0137036
623.80	8.0504613
624.00	8.080718
624.20	8.0992827
624.40	8.1189744
624.60	8.1471091
624.80	8.1732588
625.00	8.1847635
625.20	8.1920972
625.40	8.2092839
625.60	8.2290926
625.80	8.2387883
626.00	8.246202
626.20	8.2648617
626.40	8.2837754
626.60	8.2904951
626.80	8.2902168
627.00	8.3002185
627.20	8.3209512
627.40	8.3361059
627.60	8.3443826
627.80	8.3589703
628.00	8.379697
628.20	8.3977127
628.40	8.4170084
628.60	8.4485771
628.80	8.4878728
629.00	8.5176725
629.20	8.5380102
629.40	8.5634069
629.60	8.5998556
629.80	8.6324963
630.00	8.652092
630.20	8.6708577
630.40	8.6983704
630.60	8.7264311
630.80	8.7463868
631.00	8.7692025
631.20	8.7994712
631.40	8.8264479
631.60	8.8399656
631.80	8.8464243
632.00	8.86205
632.20	8.8829787
632.40	8.8996414
632.60	8.9163001
632.80	8.9372868
633.00	8.9616985
633.20	8.9844032
633.40	9.0032959
633.60	9.0231826
633.80	9.0419743
634.00	9.053735
634.20	9.0593647
634.40	9.0633434
634.60	9.0692981
634.80	9.0757948
635.00	9.0822945
635.20	9.0916702
635.40	9.1036309
635.60	9.1132456
635.80	9.1181313
636.00	9.121455
636.20	9.1266437
636.40	9.1344874
636.60	9.1386631
636.80	9.1377868
637.00	9.1414615
637.20	9.1512942
637.40	9.1576809
637.60	9.1592486
637.80	9.1642373
638.00	9.175545
638.20	9.1874237
638.40	9.1995644
638.60	9.2199611
638.80	9.2459538
639.00	9.2639095
639.20	9.2698862
639.40	9.2715609
639.60	9.2709866
639.80	9.2636833
640.00	9.249909
640.20	9.2363757
640.40	9.2289554
640.60	9.2253731
640.80	9.2276798
641.00	9.2401905
641.20	9.2586312
641.40	9.2764209
641.60	9.2934716
641.80	9.3147193
642.00	9.339534
642.20	9.3637467
642.40	9.3873144
642.60	9.4120491
642.80	9.4395898
643.00	9.4663155
643.20	9.4874752
643.40	9.5067519
643.60	9.5295606
643.80	9.5513973
644.00	9.572348
644.20	9.5983547
644.40	9.6299784
644.60	9.6640181
644.80	9.6984358
645.00	9.7348155
645.20	9.7704792
645.40	9.8024799
645.60	9.8304716
645.80	9.8552523
646.00	9.878048
646.20	9.9002327
646.40	9.9217694
646.60	9.9463481
646.80	9.9763678
647.00	10.0095735
647.20	10.0446112
647.40	10.0779249
647.60	10.1064286
647.80	10.1303373
648.00	10.153742
648.20	10.1785147
648.40	10.2029954
648.60	10.2242251
648.80	10.2442788
649.00	10.2677345
649.20	10.2940752
649.40	10.3169309
649.60	10.3361066
649.80	10.3570493
650.00	10.375099
650.20	10.3854797
650.40	10.3926504
650.60	10.4038561
650.80	10.4166798
651.00	10.4251505
651.20	10.4351282
651.40	10.4530599
651.60	10.4745856
651.80	10.4919893
652.00	10.506565
652.20	10.5282117
652.40	10.5544554
652.60	10.5761771
652.80	10.5967738
653.00	10.6268335
653.20	10.6672692
653.40	10.7044939
653.60	10.7353996
653.80	10.7690813
654.00	10.807757
654.20	10.8422297
654.40	10.8667214
654.60	10.8904841
654.80	10.9192518
655.00	10.9490075
655.20	10.9744832
655.40	11.0010619
655.60	11.0331856
655.80	11.0630463
656.00	11.0844
656.20	11.1059837
656.40	11.1334344
656.60	11.1589041
656.80	11.1765828
657.00	11.1883795
657.20	11.2022752
657.40	11.2170109
657.60	11.2299806
657.80	11.2462633
658.00	11.269499
658.20	11.2949737
658.40	11.3154064
658.60	11.3286401
658.80	11.3424948
659.00	11.3618035
659.20	11.3757802
659.40	11.3807229
659.60	11.3865946
659.80	11.4015783
660.00	11.419071
660.20	11.4333257
660.40	11.4526264
660.60	11.4764691
660.80	11.4933558
661.00	11.4988385
661.20	11.5052182
661.40	11.5196519
661.60	11.5323706
661.80	11.5385813
662.00	11.544343
662.20	11.5537367
662.40	11.5644874
662.60	11.5743501
662.80	11.5896708
663.00	11.6123985
663.20	11.6321512
663.40	11.6450589
663.60	11.6557806
663.80	11.6674633
664.00	11.676858
664.20	11.6787017
664.40	11.6768754
664.60	11.6833051
664.80	11.6954018
665.00	11.7065965
665.20	11.7207322
665.40	11.7427139
665.60	11.7698376
665.80	11.7934613
666.00	11.814892
666.20	11.8392337
666.40	11.8646194
666.60	11.8842511
666.80	11.8939548
667.00	11.9013175
667.20	11.9132482
667.40	11.9239689
667.60	11.9294906
667.80	11.9360973
668.00	11.947632
668.20	11.9618067
668.40	11.9766364
668.60	11.9951071
668.80	12.0180448
669.00	12.0387605
669.20	12.0511822
669.40	12.0596689
669.60	12.0693486
669.80	12.0774333
670.00	12.083596
670.20	12.0901947
670.40	12.0997964
670.60	12.1121041
670.80	12.1226018
671.00	12.1291025
671.20	12.1366562
671.40	12.1450249
671.60	12.1455056
671.80	12.1387173
672.00	12.133489
672.20	12.1310087
672.40	12.1247394
672.60	12.1167561
672.80	12.1157638
673.00	12.1210475
673.20	12.1265072
673.40	12.1380509
673.60	12.1628726
673.80	12.1952753
674.00	12.224557
674.20	12.2476937
674.40	12.2706654
674.60	12.2964331
674.80	12.3189638
675.00	12.3369695
675.20	12.3552822
675.40	12.3733189
675.60	12.3845816
675.80	12.3897293
676.00	12.400361
676.20	12.4198547
676.40	12.4429544
676.60	12.4658061
676.80	12.4910618
677.00	12.5208315
677.20	12.5504172
677.40	12.5822759
677.60	12.6233796
677.80	12.6732643
678.00	12.718885
678.20	12.7532747
678.40	12.7886514
678.60	12.8316711
678.80	12.8741008
679.00	12.9094545
679.20	12.9472642
679.40	12.9932279
679.60	13.0385246
679.80	13.0759693
680.00	13.113614
680.20	13.1602837
680.40	13.2040874
680.60	13.2340791
680.80	13.2582938
681.00	13.2877305
681.20	13.3148322
681.40	13.3317259
681.60	13.3463446
681.80	13.3634643
682.00	13.374994
682.20	13.3768457
682.40	13.3792034
682.60	13.3906261
682.80	13.4041168
683.00	13.4114895
683.20	13.4184822
683.40	13.4322949
683.60	13.4503526
683.80	13.4631903
684.00	13.474179
684.20	13.4923577
684.40	13.5075474
684.60	13.5101081
684.80	13.5079938
685.00	13.5156875
685.20	13.5323492
685.40	13.5465739
685.60	13.5620186
685.80	13.5848683
686.00	13.608303
686.20	13.6251967
686.40	13.6367624
686.60	13.6470811
686.80	13.6567588
687.00	13.6617705
687.20	13.6644072
687.40	13.6738369
687.60	13.6911436
687.80	13.7065363
688.00	13.717001
688.20	13.7277897
688.40	13.7378344
688.60	13.7449371
688.80	13.7496768
689.00	13.7563925
689.20	13.7691642
689.40	13.7834109
689.60	13.7927786
689.80	13.7983843
690.00	13.803684
690.20	13.8053817
690.40	13.8007864
690.60	13.7928191
690.80	13.7868148
691.00	13.7851305
691.20	13.7871602
691.40	13.7934589
691.60	13.8065796
691.80	13.8271343
692.00	13.851206
692.20	13.8739117
692.40	13.8957804
692.60	13.9184611
692.80	13.9389808
693.00	13.9542945
693.20	13.9640702
693.40	13.9694969
693.60	13.9698716
693.80	13.9610963
694.00	13.94451
694.20	13.9256937
694.40	13.9089564
694.60	13.8963891
694.80	13.8831708
695.00	13.8709995
695.20	13.8640612
695.40	13.8578519
695.60	13.8476946
695.80	13.8367903
696.00	13.826334
696.20	13.8119557
696.40	13.7920484
696.60	13.7722041
696.80	13.7625308
697.00	13.7608355
697.20	13.7587032
697.40	13.7566879
697.60	13.7607136
697.80	13.7661513
698.00	13.764639
698.20	13.7643957
698.40	13.7743434
698.60	13.7904501
698.80	13.8039218
699.00	13.8158715
699.20	13.8352232
699.40	13.8573829
699.60	13.8713566
699.80	13.8767343
700.00	13.878845
700.20	13.8754337
700.40	13.8635674
700.60	13.8504871
700.80	13.8468988
701.00	13.8514095
701.20	13.8561512
701.40	13.8648539
701.60	13.8840406
701.80	13.9092603
702.00	13.931381
702.20	13.9528317
702.40	13.9792804
702.60	14.0025141
702.80	14.0130398
703.00	14.0215135
703.20	14.0427942
703.40	14.0733519
703.60	14.1034766
703.80	14.1316943
704.00	14.163419
704.20	14.1997357
704.40	14.2291964
704.60	14.2500091
704.80	14.2702038
705.00	14.2858425
705.20	14.2905492
705.40	14.2918339
705.60	14.3013896
705.80	14.3180343
706.00	14.332764
706.20	14.3423147
706.40	14.3541764
706.60	14.3698931
706.80	14.3850818
707.00	14.4003595
707.20	14.4175562
707.40	14.4387899
707.60	14.4562556
707.80	14.4691613
708.00	14.485307
708.20	14.5038957
708.40	14.5170294
708.60	14.5234141
708.80	14.5290058
709.00	14.5371005
709.20	14.5452212
709.40	14.5506399
709.60	14.5604286
709.80	14.5774253
710.00	14.595679
710.20	14.6106777
710.40	14.6257204
710.60	14.6445071
710.80	14.6650868
711.00	14.6830545
711.20	14.6993642
711.40	14.7197939
711.60	14.7423456
711.80	14.7620583
712.00	14.778142
712.20	14.7945667
712.40	14.8115444
712.60	14.8235311
712.80	14.8305468
713.00	14.8397135
713.20	14.8541292
713.40	14.8668389
713.60	14.8735236
713.80	14.8764213
714.00	14.879919
714.20	14.8829137
714.40	14.8855944
714.60	14.8908071
714.80	14.8992378
715.00	14.9105705
715.20	14.9196412
715.40	14.9253699
715.60	14.9328196
715.80	14.9424983
716.00	14.947919
716.20	14.9497877
716.40	14.9552384
716.60	14.9638411
716.80	14.9709698
717.00	14.9772905
717.20	14.9872232
717.40	14.9977979
717.60	15.0040016
717.80	15.0054243
718.00	15.007602
718.20	15.0139947
718.40	15.0184644
718.60	15.0177311
718.80	15.0167808
719.00	15.0202445
719.20	15.0227342
719.40	15.0225359
719.60	15.0223746
719.80	15.0234443
720.00	15.022347
720.20	15.0138757
720.40	15.0018754
720.60	14.9903121
720.80	14.9781118
721.00	14.9622015
721.20	14.9475192
721.40	14.9394059
721.60	14.9348316
721.80	14.9324933
722.00	14.9346
722.20	14.9442967
722.40	14.9590264
722.60	14.9742581
722.80	14.9902258
723.00	15.0125205
723.20	15.0404852
723.40	15.0674839
723.60	15.0885756
723.80	15.1061753
724.00	15.124964
724.20	15.1414867
724.40	15.1557114
724.60	15.1720411
724.80	15.1938988
725.00	15.2164755
725.20	15.2346772
725.40	15.2534549
725.60	15.2796796
725.80	15.3127013
726.00	15.346725
726.20	15.3834467
726.40	15.4257214
726.60	15.4703931
726.80	15.5124048
727.00	15.5532105
727.20	15.5955572
727.40	15.6380829
727.60	15.6764126
727.80	15.7105713
728.00	15.749674
728.20	15.7948637
728.40	15.8400704
728.60	15.8825291
728.80	15.9236148
729.00	15.9628405
729.20	15.9956872
729.40	16.0219319
729.60	16.0458896
729.80	16.0665223
730.00	16.081558
730.20	16.0903997
730.40	16.0973894
730.60	16.1087311
730.80	16.1211228
731.00	16.1288095
731.20	16.1351882
731.40	16.1420519
731.60	16.1468196
731.80	16.1470513
732.00	16.145345
732.20	16.1484527
732.40	16.1546694
732.60	16.1615961
732.80	16.1714888
733.00	16.1865175
733.20	16.2028902
733.40	16.2179339
733.60	16.2349906
733.80	16.2552383
734.00	16.273456
734.20	16.2840437
734.40	16.2932404
734.60	16.3075001
734.80	16.3232978
735.00	16.3358305
735.20	16.3474922
735.40	16.3609599
735.60	16.3731926
735.80	16.3822083
736.00	16.38815
736.20	16.3917227
736.40	16.3928144
736.60	16.3889671
736.80	16.3817258
737.00	16.3782705
737.20	16.3813652
737.40	16.3845789
737.60	16.3882846
737.80	16.3951493
738.00	16.404371
738.20	16.4138377
738.40	16.4175414
738.60	16.4190091
738.80	16.4243588
739.00	16.4310335
739.20	16.4332012
739.40	16.4332769
739.60	16.4395436
739.80	16.4482463
740.00	16.453242
740.20	16.4549407
740.40	16.4593444
740.60	16.4694891
740.80	16.4760138
741.00	16.4761795
741.20	16.4788202
741.40	16.4868949
741.60	16.4936516
741.80	16.4958593
742.00	16.502558
742.20	16.5180247
742.40	16.5331064
742.60	16.5454471
742.80	16.5617258
743.00	16.5825125
743.20	16.5968772
743.40	16.6022429
743.60	16.6117006
743.80	16.6307873
744.00	16.650794
744.20	16.6671357
744.40	16.6853894
744.60	16.7061921
744.80	16.7220938
745.00	16.7283925
745.20	16.7343962
745.40	16.7452279
745.60	16.7551956
745.80	16.7609593
746.00	16.766742
746.20	16.7769167
746.40	16.7864864
746.60	16.7915991
746.80	16.7987248
747.00	16.8109635
747.20	16.8208902
747.40	16.8261879
747.60	16.8310816
747.80	16.8437443
748.00	16.861125
748.20	16.8719647
748.40	16.8791534
748.60	16.8881991
748.80	16.8958608
749.00	16.8958355
749.20	16.8937172
749.40	16.8992809
749.60	16.9091206
749.80	16.9137353
750.00	16.91418
750.20	16.9223237
750.40	16.9377354
750.60	16.9485361
750.80	16.9535148
751.00	16.9608405
751.20	16.9703892
751.40	16.9734389
751.60	16.9701436
751.80	16.9716003
752.00	16.979506
752.20	16.9833667
752.40	16.9807194
752.60	16.9817101
752.80	16.9896808
753.00	16.9944575
753.20	16.9931412
753.40	16.9931709
753.60	16.9962006
753.80	16.9937763
754.00	16.983176
754.20	16.9757667
754.40	16.9797144
754.60	16.9891201
754.80	16.9962278
755.00	17.0059565
755.20	17.0216212
755.40	17.0350779
755.60	17.0434746
755.80	17.0544733
756.00	17.070814
756.20	17.0835457
756.40	17.0856234
756.60	17.0832711
756.80	17.0852428
757.00	17.0881775
757.20	17.0876192
757.40	17.0881789
757.60	17.0931026
757.80	17.0969003
758.00	17.097071
758.20	17.1036607
758.40	17.1236384
758.60	17.1504871
758.80	17.1742418
759.00	17.1971875
759.20	17.2227082
759.40	17.2439789
759.60	17.2590146
759.80	17.2762383
760.00	17.298154
760.20	17.3181617
760.40	17.3333154
760.60	17.3491801
760.80	17.3711498
761.00	17.3939375
761.20	17.4102632
761.40	17.4234859
761.60	17.4385806
761.80	17.4506373
762.00	17.455458
762.20	17.4590227
762.40	17.4689224
762.60	17.4806591
762.80	17.4861708
763.00	17.4884765
763.20	17.4962232
763.40	17.5100819
763.60	17.5212066
763.80	17.5271563
764.00	17.534164
764.20	17.5389337
764.40	17.5333994
764.60	17.5215621
764.80	17.5168238
765.00	17.5206525
765.20	17.5196302
765.40	17.5153879
765.60	17.5213106
765.80	17.5352523
766.00	17.545123
766.20	17.5546797
766.40	17.5773224
766.60	17.6104261
766.80	17.6414628
767.00	17.6746045
767.20	17.7186402
767.40	17.7663059
767.60	17.8049616
767.80	17.8324463
768.00	17.859798
768.20	17.8900677
768.40	17.9144774
768.60	17.9327831
768.80	17.9549918
769.00	17.9874105
769.20	18.0221812
769.40	18.0512619
769.60	18.0819966
769.80	18.1166943
770.00	18.146683
770.20	18.1659657
770.40	18.1815414
770.60	18.2021701
770.80	18.2210138
771.00	18.2324935
771.20	18.2442822
771.40	18.2603209
771.60	18.2730106
771.80	18.2769943
772.00	18.276291
772.20	18.2786147
772.40	18.2825224
772.60	18.2807381
772.80	18.2747388
773.00	18.2745455
773.20	18.2808222
773.40	18.2837059
773.60	18.2842066
773.80	18.2915953
774.00	18.303309
774.20	18.3057297
774.40	18.2939224
774.60	18.2748181
774.80	18.2515258
775.00	18.2190035
775.20	18.1749942
775.40	18.1270169
775.60	18.0842246
775.80	18.0480913
776.00	18.015162
776.20	17.9886627
776.40	17.9733814
776.60	17.9618051
776.80	17.9446998
777.00	17.9185585
777.20	17.8852852
777.40	17.8479129
777.60	17.8080706
777.80	17.7654263
778.00	17.722479
778.20	17.6880067
778.40	17.6645124
778.60	17.6504321
778.80	17.6455398
779.00	17.6494875
779.20	17.6578812
779.40	17.6629109
779.60	17.6679236
779.80	17.6798793
780.00	17.695027
780.20	17.7081727
780.40	17.7190914
780.60	17.7300021
780.80	17.7391938
781.00	17.7432465
781.20	17.7418962
781.40	17.7405409
781.60	17.7445206
781.80	17.7475453
782.00	17.744012
782.20	17.7414237
782.40	17.7448814
782.60	17.7476421
782.80	17.7468348
783.00	17.7467465
783.20	17.7521462
783.40	17.7611319
783.60	17.7689436
783.80	17.7785183
784.00	17.790133
784.20	17.7988217
784.40	17.8029654
784.60	17.8082921
784.80	17.8193958
785.00	17.8348705
785.20	17.8480912
785.40	17.8581069
785.60	17.8694446
785.80	17.8787483
786.00	17.883176
786.20	17.8876407
786.40	17.8942634
786.60	17.8993321
786.80	17.8983798
787.00	17.8944735
787.20	17.8965122
787.40	17.9043769
787.60	17.9119496
787.80	17.9179503
788.00	17.927481
788.20	17.9409057
788.40	17.9516804
788.60	17.9599871
788.80	17.9693368
789.00	17.9765715
789.20	17.9768622
789.40	17.9720919
789.60	17.9656486
789.80	17.9602923
790.00	17.95888
790.20	17.9588957
790.40	17.9591544
790.60	17.9616931
790.80	17.9650748
791.00	17.9726345
791.20	17.9848232
791.40	17.9990099
791.60	18.0160446
791.80	18.0318583
792.00	18.046822
792.20	18.0640057
792.40	18.0825964
792.60	18.1009251
792.80	18.1157398
793.00	18.1267785
793.20	18.1381232
793.40	18.1517279
793.60	18.1667556
793.80	18.1812653
794.00	18.195015
794.20	18.2050347
794.40	18.2094394
794.60	18.2146311
794.80	18.2234058
795.00	18.2343615
795.20	18.2442902
795.40	18.2503799
795.60	18.2571696
795.80	18.2650003
796.00	18.270521
796.20	18.2761997
796.40	18.2838944
796.60	18.2897161
796.80	18.2897358
797.00	18.2852435
797.20	18.2842792
797.40	18.2894749
797.60	18.2925916
797.80	18.2926763
798.00	18.296312
798.20	18.3048017
798.40	18.3132074
798.60	18.3192701
798.80	18.3288328
799.00	18.3409115
799.20	18.3483902
799.40	18.3523749
799.60	18.3618026
799.80	18.3791343
800.00	18.396605
800.20	18.4069947
800.40	18.4129054
800.60	18.4179791
800.80	18.4222608
801.00	18.4257625
801.20	18.4285062
801.40	18.4331399
801.60	18.4375976
801.80	18.4360413
802.00	18.430222
802.20	18.4267207
802.40	18.4264304
802.60	18.4249501
802.80	18.4230398
803.00	18.4241895
803.20	18.4293712
803.40	18.4384409
803.60	18.4509576
803.80	18.4659733
804.00	18.481229
804.20	18.4924077
804.40	18.5001444
804.60	18.5100371
804.80	18.5215308
805.00	18.5313915
805.20	18.5389502
805.40	18.5461869
805.60	18.5520416
805.80	18.5530713
806.00	18.551378
806.20	18.5521907
806.40	18.5554224
806.60	18.5572501
806.80	18.5568548
807.00	18.5576595
807.20	18.5607662
807.40	18.5628129
807.60	18.5619876
807.80	18.5589083
808.00	18.555457
808.20	18.5500447
808.40	18.5434814
808.60	18.5393481
808.80	18.5349138
809.00	18.5282115
809.20	18.5189022
809.40	18.5074229
809.60	18.4932416
809.80	18.4766993
810.00	18.460608
810.20	18.4457567
810.40	18.4288774
810.60	18.4102971
810.80	18.3932238
811.00	18.3780015
811.20	18.3636862
811.40	18.3509439
811.60	18.3433036
811.80	18.3411673
812.00	18.342571
812.20	18.3465697
812.40	18.3536504
812.60	18.3621951
812.80	18.3682688
813.00	18.3688075
813.20	18.3677112
813.40	18.3722309
813.60	18.3823936
813.80	18.3957473
814.00	18.411914
814.20	18.4301587
814.40	18.4473774
814.60	18.4598791
814.80	18.4649318
815.00	18.4616575
815.20	18.4515582
815.40	18.4412739
815.60	18.4330366
815.80	18.4253213
816.00	18.42115
816.20	18.4212367
816.40	18.4210964
816.60	18.4173811
816.80	18.4139778
817.00	18.4134645
817.20	18.4154822
817.40	18.4191139
817.60	18.4244716
817.80	18.4306693
818.00	18.434999
818.20	18.4366497
818.40	18.4358534
818.60	18.4312391
818.80	18.4224258
819.00	18.4127165
819.20	18.4042372
819.40	18.3973669
819.60	18.3913256
819.80	18.3868713
820.00	18.384393
820.20	18.3798557
820.40	18.3730074
820.60	18.3670001
820.80	18.3616308
821.00	18.3545665
821.20	18.3426752
821.40	18.3303579
821.60	18.3189656
821.80	18.3036573
822.00	18.285516
822.20	18.2693237
822.40	18.2616784
822.60	18.2626851
822.80	18.2710188
823.00	18.2917395
823.20	18.3276802
823.40	18.3723899
823.60	18.4229016
823.80	18.4858133
824.00	18.563021
824.20	18.6429657
824.40	18.7099664
824.60	18.7637701
824.80	18.8114218
825.00	18.8508735
825.20	18.8819252
825.40	18.9129039
825.60	18.9503346
825.80	18.9871973
826.00	19.01368
826.20	19.0350207
826.40	19.0618804
826.60	19.0919981
826.80	19.1132558
827.00	19.1254065
827.20	19.1363742
827.40	19.1457319
827.60	19.1483956
827.80	19.1466453
828.00	19.148153
828.20	19.1517397
828.40	19.1479154
828.60	19.1375461
828.80	19.1344688
829.00	19.1406155
829.20	19.1445922
829.40	19.1410049
829.60	19.1390856
829.80	19.1430593
830.00	19.145459
830.20	19.1431507
830.40	19.1438794
830.60	19.1521201
830.80	19.1550408
831.00	19.1456535
831.20	19.1335712
831.40	19.1264619
831.60	19.1196836
831.80	19.1065463
832.00	19.091484
832.20	19.0817097
832.40	19.0740194
832.60	19.0621341
832.80	19.0512158
833.00	19.0490605
833.20	19.0499672
833.40	19.0435179
833.60	19.0304076
833.80	19.0207143
834.00	19.013683
834.20	18.9968517
834.40	18.9702284
834.60	18.9449141
834.80	18.9225388
835.00	18.8976445
835.20	18.8722662
835.40	18.8563519
835.60	18.8504546
835.80	18.8440143
836.00	18.835983
836.20	18.8327447
836.40	18.8341164
836.60	18.8355141
836.80	18.8359958
837.00	18.8373775
837.20	18.8370932
837.40	18.8312299
837.60	18.8241736
837.80	18.8225693
838.00	18.823969
838.20	18.8265417
838.40	18.8292274
838.60	18.8294271
838.80	18.8291988
839.00	18.8308355
839.20	18.8333242
839.40	18.8347859
839.60	18.8363366
839.80	18.8403873
840.00	18.845912
840.20	18.8502857
840.40	18.8529364
840.60	18.8557851
840.80	18.8584498
841.00	18.8544255
841.20	18.8442132
841.40	18.8397529
841.60	18.8439496
841.80	18.8505513
842.00	18.857502
842.20	18.8670227
842.40	18.8777434
842.60	18.8853311
842.80	18.8897598
843.00	18.8994375
843.20	18.9163992
843.40	18.9287739
843.60	18.9299326
843.80	18.9287993
844.00	18.932579
844.20	18.9330947
844.40	18.9257884
844.60	18.9194671
844.80	18.9185278
845.00	18.9152185
845.20	18.9071242
845.40	18.9022689
845.60	18.9049886
845.80	18.9056343
846.00	18.897083
846.20	18.8857767
846.40	18.8776314
846.60	18.8703901
846.80	18.8613248
847.00	18.8537145
847.20	18.8468452
847.40	18.8370029
847.60	18.8252026
847.80	18.8164893
848.00	18.815182
848.20	18.8199127
848.40	18.8245564
848.60	18.8289061
848.80	18.8365318
849.00	18.8438455
849.20	18.8460622
849.40	18.8475709
849.60	18.8537206
849.80	18.8608183
850.00	18.862217
850.20	18.8584377
850.40	18.8559954
850.60	18.8534691
850.80	18.8469848
851.00	18.8380525
851.20	18.8284362
851.40	18.8175139
851.60	18.8068726
851.80	18.8012243
852.00	18.804003
852.20	18.8107357
852.40	18.8163244
852.60	18.8216501
852.80	18.8286988
853.00	18.8399725
853.20	18.8517612
853.40	18.8614259
853.60	18.8715346
853.80	18.8783563
854.00	18.877441
854.20	18.8722407
854.40	18.8671444
854.60	18.8629521
854.80	18.8595808
855.00	18.8581505
855.20	18.8634102
855.40	18.8760869
855.60	18.8903666
855.80	18.9037063
856.00	18.920321
856.20	18.9413007
856.40	18.9613564
856.60	18.9769211
856.80	18.9922848
857.00	19.0131835
857.20	19.0313142
857.40	19.0389999
857.60	19.0437966
857.80	19.0515493
858.00	19.058779
858.20	19.0618257
858.40	19.0628774
858.60	19.0687851
858.80	19.0763448
859.00	19.0758805
859.20	19.0708802
859.40	19.0698909
859.60	19.0707726
859.80	19.0656583
860.00	19.056948
860.20	19.0535117
860.40	19.0536744
860.60	19.0458581
860.80	19.0316638
861.00	19.0237535
861.20	19.0217702
861.40	19.0140219
861.60	19.0002076
861.80	18.9902593
862.00	18.98182
862.20	18.9662867
862.40	18.9476044
862.60	18.9370181
862.80	18.9332588
863.00	18.9250395
863.20	18.9130362
863.40	18.9076699
863.60	18.9078746
863.80	18.9031843
864.00	18.891519
864.20	18.8826657
864.40	18.8803774
864.60	18.8729261
864.80	18.8561668
865.00	18.8422625
865.20	18.8372532
865.40	18.8271749
865.60	18.8063426
865.80	18.7880243
866.00	18.777233
866.20	18.7652677
866.40	18.7461864
866.60	18.7288381
866.80	18.7162778
867.00	18.6990905
867.20	18.6758292
867.40	18.6567759
867.60	18.6469346
867.80	18.6378143
868.00	18.623592
868.20	18.6103357
868.40	18.6040274
868.60	18.6024641
868.80	18.5993008
869.00	18.5956655
869.20	18.5937122
869.40	18.5875499
869.60	18.5749146
869.80	18.5629973
870.00	18.556794
870.20	18.5529937
870.40	18.5446604
870.60	18.5318461
870.80	18.5235328
871.00	18.5206575
871.20	18.5158522
871.40	18.5104989
871.60	18.5100026
871.80	18.5083663
872.00	18.499681
872.20	18.4884867
872.40	18.4822204
872.60	18.4811091
872.80	18.4799228
873.00	18.4764865
873.20	18.4739292
873.40	18.4743169
873.60	18.4742316
873.80	18.4729563
874.00	18.473805
874.20	18.4776037
874.40	18.4798894
874.60	18.4810151
874.80	18.4847458
875.00	18.4898865
875.20	18.4948882
875.40	18.4959149
875.60	18.4917446
875.80	18.4851853
876.00	18.476348
876.20	18.4679067
876.40	18.4634104
876.60	18.4626071
876.80	18.4622978
877.00	18.4602475
877.20	18.4580632
877.40	18.4591329
877.60	18.4637776
877.80	18.4666463
878.00	18.464705
878.20	18.4597657
878.40	18.4545994
878.60	18.4476871
878.80	18.4342328
879.00	18.4182775
879.20	18.4055052
879.40	18.3913459
879.60	18.3702516
879.80	18.3483773
880.00	18.333441
880.20	18.3223897
880.40	18.3082934
880.60	18.2901001
880.80	18.2735058
881.00	18.2598545
881.20	18.2437122
881.40	18.2242769
881.60	18.2074546
881.80	18.1927493
882.00	18.17547
882.20	18.1578777
882.40	18.1466024
882.60	18.1395281
882.80	18.1281638
883.00	18.1110665
883.20	18.0935232
883.40	18.0771619
883.60	18.0580436
883.80	18.0362183
884.00	18.018787
884.20	18.0079987
884.40	17.9954284
884.60	17.9804471
884.80	17.9705778
885.00	17.9677745
885.20	17.9667712
885.40	17.9642769
885.60	17.9650106
885.80	17.9697603
886.00	17.969773
886.20	17.9624367
886.40	17.9571594
886.60	17.9572711
886.80	17.9577018
887.00	17.9568605
887.20	17.9590462
887.40	17.9649459
887.60	17.9683266
887.80	17.9710923
888.00	17.979077
888.20	17.9903767
888.40	18.0006944
888.60	18.0111811
888.80	18.0259728
889.00	18.0428915
889.20	18.0573292
889.40	18.0689269
889.60	18.0813396
889.80	18.0919173
890.00	18.093992
890.20	18.0915747
890.40	18.0944494
890.60	18.1015101
890.80	18.1027088
891.00	18.0976965
891.20	18.0938982
891.40	18.0917929
891.60	18.0834756
891.80	18.0690053
892.00	18.060661
892.20	18.0602007
892.40	18.0563934
892.60	18.0462481
892.80	18.0391708
893.00	18.0374545
893.20	18.0314032
893.40	18.0211239
893.60	18.0194126
893.80	18.0253203
894.00	18.022758
894.20	18.0104077
894.40	18.0035424
894.60	18.0039441
894.80	17.9997138
895.00	17.9866585
895.20	17.9740112
895.40	17.9663999
895.60	17.9550556
895.80	17.9363793
896.00	17.921751
896.20	17.9139867
896.40	17.8990384
896.60	17.8726601
896.80	17.8450058
897.00	17.8225005
897.20	17.7991782
897.40	17.7720139
897.60	17.7513786
897.80	17.7423783
898.00	17.737525
898.20	17.7292817
898.40	17.7221574
898.60	17.7241431
898.80	17.7276428
899.00	17.7202915
899.20	17.7065702
899.40	17.6968739
899.60	17.6878456
899.80	17.6736963
900.00	17.658679
900.20	17.6524927
900.40	17.6516094
900.60	17.6432721
900.80	17.6296428
901.00	17.6221005
901.20	17.6211722
901.40	17.6181199
901.60	17.6108276
901.80	17.6065603
902.00	17.609142
902.20	17.6128777
902.40	17.6133784
902.60	17.6141391
902.80	17.6166648
903.00	17.6162915
903.20	17.6085932
903.40	17.5989759
903.60	17.5967516
903.80	17.5992513
904.00	17.598925
904.20	17.5969077
904.40	17.6016724
904.60	17.6132921
904.80	17.6231428
905.00	17.6317065
905.20	17.6453582
905.40	17.6638969
905.60	17.6783386
905.80	17.6864183
906.00	17.694667
906.20	17.7054717
906.40	17.7153174
906.60	17.7197431
906.80	17.7234418
907.00	17.7309675
907.20	17.7381002
907.40	17.7411649
907.60	17.7429456
907.80	17.7483673
908.00	17.753588
908.20	17.7528567
908.40	17.7491684
908.60	17.7491991
908.80	17.7509048
909.00	17.7475375
909.20	17.7408022
909.40	17.7371679
909.60	17.7361206
909.80	17.7352413
910.00	17.734557
910.20	17.7340277
910.40	17.7334464
910.60	17.7283321
910.80	17.7196728
911.00	17.7151095
911.20	17.7145362
911.40	17.7125949
911.60	17.7098566
911.80	17.7085093
912.00	17.707801
912.20	17.7077887
912.40	17.7093504
912.60	17.7123161
912.80	17.7177308
913.00	17.7273925
913.20	17.7400942
913.40	17.7514839
913.60	17.7623216
913.80	17.7751933
914.00	17.786048
914.20	17.7901447
914.40	17.7898274
914.60	17.7908171
914.80	17.7952358
915.00	17.8011845
915.20	17.8043722
915.40	17.8063349
915.60	17.8108366
915.80	17.8167003
916.00	17.817763
916.20	17.8151947
916.40	17.8164984
916.60	17.8169101
916.80	17.8076968
917.00	17.7923825
917.20	17.7817492
917.40	17.7757159
917.60	17.7661596
917.80	17.7554373
918.00	17.754118
918.20	17.7594037
918.40	17.7581914
918.60	17.7484901
918.80	17.7420608
919.00	17.7415735
919.20	17.7343842
919.40	17.7189479
919.60	17.7082876
919.80	17.7050653
920.00	17.697111
920.20	17.6830487
920.40	17.6746424
920.60	17.6727291
920.80	17.6677718
921.00	17.6581945
921.20	17.6556562
921.40	17.6632229
921.60	17.6681836
921.80	17.6641273
922.00	17.660473
922.20	17.6637987
922.40	17.6665764
922.60	17.6606171
922.80	17.6503558
923.00	17.6436055
923.20	17.6387992
923.40	17.6307679
923.60	17.6212076
923.80	17.6120803
924.00	17.597324
924.20	17.5744577
924.40	17.5526214
924.60	17.5412791
924.80	17.5355348
925.00	17.5263625
925.20	17.5134282
925.40	17.4999469
925.60	17.4858996
925.80	17.4705313
926.00	17.456332
926.20	17.4464407
926.40	17.4401734
926.60	17.4312371
926.80	17.4165148
927.00	17.3999945
927.20	17.3842842
927.40	17.3696789
927.60	17.3537286
927.80	17.3356203
928.00	17.318386
928.20	17.3030897
928.40	17.2907454
928.60	17.2819631
928.80	17.2775988
929.00	17.2735365
929.20	17.2638512
929.40	17.2518559
929.60	17.2452486
929.80	17.2460393
930.00	17.247397
930.20	17.2443967
930.40	17.2385114
930.60	17.2316521
930.80	17.2228818
931.00	17.2138905
931.20	17.2073992
931.40	17.2017049
931.60	17.1917996
931.80	17.1762933
932.00	17.159972
932.20	17.1467707
932.40	17.1346054
932.60	17.1198641
932.80	17.1052208
933.00	17.0936655
933.20	17.0834462
933.40	17.0723919
933.60	17.0623696
933.80	17.0584143
934.00	17.05691
934.20	17.0492567
934.40	17.0348764
934.60	17.0199761
934.80	17.0081238
935.00	16.9987295
935.20	16.9906312
935.40	16.9811579
935.60	16.9675576
935.80	16.9509693
936.00	16.937506
936.20	16.9290787
936.40	16.9212014
936.60	16.9093471
936.80	16.8934678
937.00	16.8752345
937.20	16.8585892
937.40	16.8442219
937.60	16.8301536
937.80	16.8175853
938.00	16.805629
938.20	16.7927237
938.40	16.7799274
938.60	16.7707381
938.80	16.7632988
939.00	16.7543445
939.20	16.7447402
939.40	16.7371819
939.60	16.7311886
939.80	16.7245033
940.00	16.716558
940.20	16.7081657
940.40	16.6987144
940.60	16.6842731
940.80	16.6658418
941.00	16.6496945
941.20	16.6400002
941.40	16.6306719
941.60	16.6184286
941.80	16.6080543
942.00	16.600145
942.20	16.5905897
942.40	16.5812634
942.60	16.5789661
942.80	16.5784398
943.00	16.5723535
943.20	16.5607942
943.40	16.5497179
943.60	16.5438196
943.80	16.5379033
944.00	16.528444
944.20	16.5179697
944.40	16.5081374
944.60	16.4980471
944.80	16.4880158
945.00	16.4828115
945.20	16.4837892
945.40	16.4851649
945.60	16.4827506
945.80	16.4798483
946.00	16.480981
946.20	16.4843707
946.40	16.4859264
946.60	16.4852651
946.80	16.4837538
947.00	16.4777485
947.20	16.4687562
947.40	16.4644309
947.60	16.4668376
947.80	16.4710933
948.00	16.473388
948.20	16.4741287
948.40	16.4749204
948.60	16.4743461
948.80	16.4697868
949.00	16.4640175
949.20	16.4576482
949.40	16.4464209
949.60	16.4290946
949.80	16.4126943
950.00	16.400815
950.20	16.3890727
950.40	16.3736414
950.60	16.3568731
950.80	16.3438288
951.00	16.3325795
951.20	16.3215822
951.40	16.3114209
951.60	16.3030716
951.80	16.2936733
952.00	16.280033
952.20	16.2673877
952.40	16.2610704
952.60	16.2573451
952.80	16.2526068
953.00	16.2510305
953.20	16.2551282
953.40	16.2596229
953.60	16.2591626
953.80	16.2568603
954.00	16.256322
954.20	16.2530617
954.40	16.2435944
954.60	16.2318401
954.80	16.2230978
955.00	16.2162375
955.20	16.2075732
955.40	16.1986919
955.60	16.1923146
955.80	16.1862553
956.00	16.175636
956.20	16.1609027
956.40	16.1479264
956.60	16.1366061
956.80	16.1223018
957.00	16.1065575
957.20	16.0949442
957.40	16.0864839
957.60	16.0749156
957.80	16.0572313
958.00	16.040906
958.20	16.0320967
958.40	16.0247844
958.60	16.0159881
958.80	16.0113868
959.00	16.0138465
959.20	16.0144652
959.40	16.0065819
959.60	15.9961386
959.80	15.9871633
960.00	15.974542
960.20	15.9554247
960.40	15.9356404
960.60	15.9230201
960.80	15.9159568
961.00	15.9085205
961.20	15.9038252
961.40	15.9066679
961.60	15.9112726
961.80	15.9113853
962.00	15.911462
962.20	15.9164787
962.40	15.9191684
962.60	15.9121381
962.80	15.9007268
963.00	15.8934685
963.20	15.8901022
963.40	15.8859609
963.60	15.8817306
963.80	15.8820153
964.00	15.883571
964.20	15.8792587
964.40	15.8690344
964.60	15.8572621
964.80	15.8442178
965.00	15.8257925
965.20	15.8052072
965.40	15.7913239
965.60	15.7874866
965.80	15.7882733
966.00	15.790262
966.20	15.7940347
966.40	15.7976624
966.60	15.7947071
966.80	15.7827328
967.00	15.7679625
967.20	15.7550732
967.40	15.7432319
967.60	15.7303056
967.80	15.7203963
968.00	15.716482
968.20	15.7160497
968.40	15.7142644
968.60	15.7093441
968.80	15.7028488
969.00	15.6936405
969.20	15.6814742
969.40	15.6710979
969.60	15.6714096
969.80	15.6873193
970.00	15.713578
970.20	15.7421957
970.40	15.7708644
970.60	15.7990621
970.80	15.8205908
971.00	15.8288875
971.20	15.8267812
971.40	15.8206149
971.60	15.8143336
971.80	15.8124963
972.00	15.821458
972.20	15.8446047
972.40	15.8771814
972.60	15.8993561
972.80	15.9108298
973.00	15.9226945
973.20	15.9249032
973.40	15.9147989
973.60	15.9006646
973.80	15.8896823
974.00	15.884728
974.20	15.8888237
974.40	15.9041984
974.60	15.9270911
974.80	15.9505078
975.00	15.9492695
