 Ru 50.nm on Si at 8000.eV, P=0.
 Angle (deg), Reflectivity, Transmission into substrate
   0.000000  1.00000  0.000000
   2.004008E-03  0.999378  2.878218E-19
   4.008016E-03  0.998756  5.760796E-19
   6.012024E-03  0.998134  8.653852E-19
   8.016032E-03  0.997513  1.156360E-18
   1.002004E-02  0.996892  1.449628E-18
   1.202405E-02  0.996271  1.745817E-18
   1.402806E-02  0.995651  2.045583E-18
   1.603206E-02  0.995030  2.349579E-18
   1.803607E-02  0.994410  2.658478E-18
   2.004008E-02  0.993789  2.972970E-18
   2.204409E-02  0.993169  3.293771E-18
   2.404810E-02  0.992549  3.621627E-18
   2.605210E-02  0.991929  3.957292E-18
   2.805611E-02  0.991309  4.301557E-18
   3.006012E-02  0.990689  4.655268E-18
   3.206413E-02  0.990068  5.019289E-18
   3.406814E-02  0.989448  5.394529E-18
   3.607215E-02  0.988827  5.781936E-18
   3.807615E-02  0.988206  6.182516E-18
   4.008016E-02  0.987585  6.597313E-18
   4.208417E-02  0.986964  7.027472E-18
   4.408818E-02  0.986342  7.474136E-18
   4.609219E-02  0.985720  7.938579E-18
   4.809619E-02  0.985098  8.422093E-18
   5.010020E-02  0.984476  8.926175E-18
   5.210421E-02  0.983852  9.452219E-18
   5.410822E-02  0.983229  1.000192E-17
   5.611223E-02  0.982605  1.057687E-17
   5.811623E-02  0.981980  1.117898E-17
   6.012024E-02  0.981355  1.181020E-17
   6.212425E-02  0.980729  1.247254E-17
   6.412826E-02  0.980103  1.316824E-17
   6.613226E-02  0.979476  1.389975E-17
   6.813627E-02  0.978848  1.466954E-17
   7.014028E-02  0.978220  1.548049E-17
   7.214429E-02  0.977591  1.633545E-17
   7.414830E-02  0.976961  1.723771E-17
   7.615230E-02  0.976330  1.819061E-17
   7.815631E-02  0.975698  1.919792E-17
   8.016032E-02  0.975065  2.026360E-17
   8.216433E-02  0.974432  2.139202E-17
   8.416834E-02  0.973797  2.258766E-17
   8.617234E-02  0.973162  2.385587E-17
   8.817635E-02  0.972525  2.520189E-17
   9.018036E-02  0.971887  2.663174E-17
   9.218437E-02  0.971249  2.815177E-17
   9.418838E-02  0.970609  2.976914E-17
   9.619239E-02  0.969967  3.149102E-17
   9.819639E-02  0.969325  3.332610E-17
   0.100200  0.968681  3.528315E-17
   0.102204  0.968036  3.737189E-17
   0.104208  0.967390  3.960303E-17
   0.106212  0.966742  4.198811E-17
   0.108216  0.966092  4.454008E-17
   0.110220  0.965442  4.727240E-17
   0.112224  0.964789  5.020050E-17
   0.114228  0.964136  5.334094E-17
   0.116232  0.963480  5.671228E-17
   0.118236  0.962823  6.033420E-17
   0.120240  0.962164  6.422885E-17
   0.122244  0.961504  6.842031E-17
   0.124248  0.960841  7.293504E-17
   0.126253  0.960177  7.780348E-17
   0.128257  0.959511  8.305707E-17
   0.130261  0.958843  8.873211E-17
   0.132265  0.958173  9.486813E-17
   0.134269  0.957501  1.015093E-16
   0.136273  0.956827  1.087051E-16
   0.138277  0.956151  1.165092E-16
   0.140281  0.955472  1.249823E-16
   0.142285  0.954792  1.341913E-16
   0.144289  0.954109  1.442123E-16
   0.146293  0.953424  1.551296E-16
   0.148297  0.952736  1.670360E-16
   0.150301  0.952046  1.800394E-16
   0.152305  0.951354  1.942585E-16
   0.154309  0.950659  2.098262E-16
   0.156313  0.949961  2.268959E-16
   0.158317  0.949261  2.456384E-16
   0.160321  0.948558  2.662476E-16
   0.162325  0.947852  2.889447E-16
   0.164329  0.947144  3.139850E-16
   0.166333  0.946432  3.416541E-16
   0.168337  0.945718  3.722846E-16
   0.170341  0.945000  4.062560E-16
   0.172345  0.944280  4.440098E-16
   0.174349  0.943556  4.860556E-16
   0.176353  0.942829  5.329853E-16
   0.178357  0.942099  5.854956E-16
   0.180361  0.941366  6.443979E-16
   0.182365  0.940629  7.106546E-16
   0.184369  0.939888  7.854084E-16
   0.186373  0.939144  8.700204E-16
   0.188377  0.938397  9.661336E-16
   0.190381  0.937645  1.075739E-15
   0.192385  0.936890  1.201272E-15
   0.194389  0.936131  1.345737E-15
   0.196393  0.935368  1.512899E-15
   0.198397  0.934601  1.707514E-15
   0.200401  0.933829  1.935701E-15
   0.202405  0.933054  2.205450E-15
   0.204409  0.932274  2.527444E-15
   0.206413  0.931490  2.916268E-15
   0.208417  0.930701  3.392512E-15
   0.210421  0.929908  3.986246E-15
   0.212425  0.929110  4.743481E-15
   0.214429  0.928308  5.738804E-15
   0.216433  0.927500  7.102764E-15
   0.218437  0.926687  9.087949E-15
   0.220441  0.925870  1.225203E-14
   0.222445  0.925047  1.799841E-14
   0.224449  0.924218  2.925030E-14
   0.226453  0.923385  4.619515E-14
   0.228457  0.922546  6.498278E-14
   0.230461  0.921701  8.457519E-14
   0.232465  0.920850  1.052779E-13
   0.234469  0.919994  1.275146E-13
   0.236473  0.919131  1.516846E-13
   0.238477  0.918262  1.781709E-13
   0.240481  0.917387  2.073604E-13
   0.242485  0.916505  2.396611E-13
   0.244489  0.915617  2.755105E-13
   0.246493  0.914722  3.153898E-13
   0.248497  0.913821  3.598316E-13
   0.250501  0.912912  4.094301E-13
   0.252505  0.911996  4.648498E-13
   0.254509  0.911072  5.268398E-13
   0.256513  0.910141  5.962407E-13
   0.258517  0.909203  6.740074E-13
   0.260521  0.908256  7.612151E-13
   0.262525  0.907302  8.590780E-13
   0.264529  0.906339  9.689824E-13
   0.266533  0.905367  1.092495E-12
   0.268537  0.904387  1.231394E-12
   0.270541  0.903399  1.387703E-12
   0.272545  0.902400  1.563727E-12
   0.274549  0.901393  1.762088E-12
   0.276553  0.900377  1.985787E-12
   0.278557  0.899350  2.238216E-12
   0.280561  0.898314  2.523291E-12
   0.282565  0.897267  2.845477E-12
   0.284569  0.896209  3.209855E-12
   0.286573  0.895141  3.622275E-12
   0.288577  0.894062  4.089433E-12
   0.290581  0.892972  4.619014E-12
   0.292585  0.891870  5.219865E-12
   0.294589  0.890756  5.902120E-12
   0.296593  0.889630  6.677443E-12
   0.298597  0.888491  7.559339E-12
   0.300601  0.887340  8.563318E-12
   0.302605  0.886175  9.707300E-12
   0.304609  0.884996  1.101200E-11
   0.306613  0.883804  1.250144E-11
   0.308617  0.882597  1.420331E-11
   0.310621  0.881376  1.614991E-11
   0.312625  0.880139  1.837855E-11
   0.314629  0.878887  2.093271E-11
   0.316633  0.877618  2.386303E-11
   0.318637  0.876334  2.722831E-11
   0.320641  0.875032  3.109734E-11
   0.322645  0.873712  3.555060E-11
   0.324649  0.872375  4.068172E-11
   0.326653  0.871019  4.660058E-11
   0.328657  0.869643  5.343627E-11
   0.330661  0.868248  6.134018E-11
   0.332665  0.866833  7.049009E-11
   0.334669  0.865396  8.109593E-11
   0.336673  0.863938  9.340397E-11
   0.338677  0.862457  1.077061E-10
   0.340681  0.860954  1.243472E-10
   0.342685  0.859426  1.437356E-10
   0.344689  0.857873  1.663551E-10
   0.346693  0.856295  1.927812E-10
   0.348697  0.854690  2.236982E-10
   0.350701  0.853058  2.599220E-10
   0.352705  0.851398  3.024236E-10
   0.354709  0.849708  3.523672E-10
   0.356713  0.847987  4.111460E-10
   0.358717  0.846235  4.804329E-10
   0.360721  0.844450  5.622340E-10
   0.362725  0.842630  6.589699E-10
   0.364729  0.840776  7.735558E-10
   0.366733  0.838884  9.095162E-10
   0.368737  0.836954  1.071128E-09
   0.370741  0.834984  1.263557E-09
   0.372745  0.832972  1.493109E-09
   0.374750  0.830917  1.767456E-09
   0.376754  0.828817  2.095960E-09
   0.378758  0.826670  2.490080E-09
   0.380762  0.824473  2.963876E-09
   0.382766  0.822225  3.534609E-09
   0.384770  0.819922  4.223560E-09
   0.386774  0.817564  5.057005E-09
   0.388778  0.815146  6.067441E-09
   0.390782  0.812666  7.295299E-09
   0.392786  0.810121  8.790704E-09
   0.394790  0.807507  1.061639E-08
   0.396794  0.804822  1.285076E-08
   0.398798  0.802060  1.559206E-08
   0.400802  0.799219  1.896401E-08
   0.402806  0.796294  2.312284E-08
   0.404810  0.793280  2.826588E-08
   0.406814  0.790171  3.464410E-08
   0.408818  0.786963  4.257725E-08
   0.410822  0.783649  5.247324E-08
   0.412826  0.780223  6.485574E-08
   0.414830  0.776678  8.039884E-08
   0.416834  0.773006  9.997252E-08
   0.418838  0.769199  1.247043E-07
   0.420842  0.765247  1.560637E-07
   0.422846  0.761140  1.959672E-07
   0.424850  0.756868  2.469336E-07
   0.426854  0.752418  3.122748E-07
   0.428858  0.747777  3.963792E-07
   0.430862  0.742930  5.050788E-07
   0.432866  0.737861  6.461560E-07
   0.434870  0.732552  8.300568E-07
   0.436874  0.726982  1.070865E-06
   0.438878  0.721130  1.387658E-06
   0.440882  0.714970  1.806419E-06
   0.442886  0.708474  2.362736E-06
   0.444890  0.701611  3.105550E-06
   0.446894  0.694347  4.102618E-06
   0.448898  0.686643  5.448181E-06
   0.450902  0.678454  7.274085E-06
   0.452906  0.669733  9.765554E-06
   0.454910  0.660425  1.318456E-05
   0.456914  0.650472  1.790263E-05
   0.458918  0.639808  2.444978E-05
   0.460922  0.628364  3.358368E-05
   0.462926  0.616067  4.639001E-05
   0.464930  0.602843  6.442716E-05
   0.466934  0.588624  8.992508E-05
   0.468938  0.573351  1.260667E-04
   0.470942  0.556992  1.773511E-04
   0.472946  0.539551  2.500559E-04
   0.474950  0.521089  3.527725E-04
   0.476954  0.501747  4.969234E-04
   0.478958  0.481760  6.970888E-04
   0.480962  0.461455  9.709575E-04
   0.482966  0.441232  1.338508E-03
   0.484970  0.421493  1.820497E-03
   0.486974  0.402563  2.436260E-03
   0.488978  0.384592  3.201877E-03
   0.490982  0.367520  4.129160E-03
   0.492986  0.351096  5.226433E-03
   0.494990  0.334983  6.500161E-03
   0.496994  0.318891  7.956423E-03
   0.498998  0.302684  9.601541E-03
   0.501002  0.286450  1.144036E-02
   0.503006  0.270501  1.347378E-02
   0.505010  0.255318  1.569542E-02
   0.507014  0.241454  1.808923E-02
   0.509018  0.229420  2.062887E-02
   0.511022  0.219562  2.328039E-02
   0.513026  0.211976  2.600691E-02
   0.515030  0.206475  2.877474E-02
   0.517034  0.202621  3.155985E-02
   0.519038  0.199801  3.435149E-02
   0.521042  0.197335  3.715336E-02
   0.523046  0.194585  3.998138E-02
   0.525050  0.191026  4.286069E-02
   0.527054  0.186299  4.581978E-02
   0.529058  0.180228  4.888654E-02
   0.531062  0.172817  5.208358E-02
   0.533066  0.164233  5.542493E-02
   0.535070  0.154778  5.891295E-02
   0.537074  0.144856  6.253779E-02
   0.539078  0.134939  6.627579E-02
   0.541082  0.125520  7.009137E-02
   0.543086  0.117068  7.393937E-02
   0.545090  0.109978  7.776909E-02
   0.547094  0.104534  8.152961E-02
   0.549098  0.100876  8.517563E-02
   0.551102  9.898744E-02  8.867256E-02
   0.553106  9.869992E-02  9.200039E-02
   0.555110  9.971994E-02  9.515569E-02
   0.557114  0.101666  9.815178E-02
   0.559118  0.104110  0.101016
   0.561122  0.106623  0.103785
   0.563126  0.108812  0.106504
   0.565130  0.110341  0.109220
   0.567134  0.110955  0.111976
   0.569138  0.110481  0.114813
   0.571142  0.108833  0.117764
   0.573146  0.106009  0.120853
   0.575150  0.102078  0.124095
   0.577154  9.717605E-02  0.127492
   0.579158  9.149632E-02  0.131036
   0.581162  8.527311E-02  0.134712
   0.583166  7.877263E-02  0.138490
   0.585170  7.227647E-02  0.142335
   0.587174  6.606589E-02  0.146204
   0.589178  6.040585E-02  0.150051
   0.591182  5.552816E-02  0.153828
   0.593186  5.161574E-02  0.157490
   0.595190  4.879164E-02  0.160998
   0.597194  4.711081E-02  0.164321
   0.599198  4.655785E-02  0.167439
   0.601202  4.705061E-02  0.170344
   0.603206  4.844868E-02  0.173041
   0.605210  5.056616E-02  0.175545
   0.607214  5.318669E-02  0.177884
   0.609218  5.607943E-02  0.180091
   0.611222  5.901462E-02  0.182206
   0.613226  6.177597E-02  0.184272
   0.615230  6.417163E-02  0.186329
   0.617234  6.604186E-02  0.188418
   0.619238  6.726336E-02  0.190575
   0.621242  6.775197E-02  0.192830
   0.623246  6.746282E-02  0.195208
   0.625251  6.638913E-02  0.197724
   0.627255  6.455988E-02  0.200388
   0.629259  6.203675E-02  0.203202
   0.631263  5.890999E-02  0.206159
   0.633267  5.529392E-02  0.209246
   0.635271  5.132239E-02  0.212443
   0.637275  4.714222E-02  0.215723
   0.639279  4.290804E-02  0.219057
   0.641283  3.877530E-02  0.222408
   0.643287  3.489284E-02  0.225743
   0.645291  3.139740E-02  0.229023
   0.647295  2.840648E-02  0.232214
   0.649299  2.601240E-02  0.235284
   0.651303  2.427912E-02  0.238206
   0.653307  2.323862E-02  0.240961
   0.655311  2.289012E-02  0.243535
   0.657315  2.320137E-02  0.245924
   0.659319  2.411110E-02  0.248131
   0.661323  2.553357E-02  0.250166
   0.663327  2.736371E-02  0.252048
   0.665331  2.948352E-02  0.253801
   0.667335  3.176855E-02  0.255451
   0.669339  3.409344E-02  0.257030
   0.671343  3.633818E-02  0.258570
   0.673347  3.839238E-02  0.260102
   0.675351  4.015937E-02  0.261657
   0.677355  4.155878E-02  0.263263
   0.679359  4.252878E-02  0.264944
   0.681363  4.302674E-02  0.266720
   0.683367  4.302977E-02  0.268607
   0.685371  4.253439E-02  0.270614
   0.687375  4.155549E-02  0.272747
   0.689379  4.012525E-02  0.275006
   0.691383  3.829120E-02  0.277385
   0.693387  3.611435E-02  0.279874
   0.695391  3.366680E-02  0.282458
   0.697395  3.102905E-02  0.285119
   0.699399  2.828718E-02  0.287834
   0.701403  2.553002E-02  0.290580
   0.703407  2.284556E-02  0.293330
   0.705411  2.031775E-02  0.296059
   0.707415  1.802392E-02  0.298739
   0.709419  1.603154E-02  0.301345
   0.711423  1.439537E-02  0.303857
   0.713427  1.315604E-02  0.306254
   0.715431  1.233826E-02  0.308523
   0.717435  1.195020E-02  0.310652
   0.719439  1.198363E-02  0.312637
   0.721443  1.241468E-02  0.314479
   0.723447  1.320521E-02  0.316182
   0.725451  1.430503E-02  0.317756
   0.727455  1.565421E-02  0.319215
   0.729459  1.718616E-02  0.320577
   0.731463  1.883004E-02  0.321862
   0.733467  2.051407E-02  0.323093
   0.735471  2.216808E-02  0.324292
   0.737475  2.372573E-02  0.325482
   0.739479  2.512698E-02  0.326685
   0.741483  2.631952E-02  0.327922
   0.743487  2.726022E-02  0.329212
   0.745491  2.791589E-02  0.330570
   0.747495  2.826413E-02  0.332009
   0.749499  2.829315E-02  0.333540
   0.751503  2.800201E-02  0.335167
   0.753507  2.739999E-02  0.336894
   0.755511  2.650615E-02  0.338720
   0.757515  2.534831E-02  0.340639
   0.759519  2.396203E-02  0.342644
   0.761523  2.238940E-02  0.344725
   0.763527  2.067787E-02  0.346867
   0.765531  1.887820E-02  0.349055
   0.767535  1.704335E-02  0.351273
   0.769539  1.522660E-02  0.353500
   0.771543  1.347988E-02  0.355719
   0.773547  1.185210E-02  0.357910
   0.775551  1.038736E-02  0.360056
   0.777555  9.124187E-03  0.362139
   0.779559  8.093467E-03  0.364145
   0.781563  7.318094E-03  0.366061
   0.783567  6.812099E-03  0.367879
   0.785571  6.580290E-03  0.369590
   0.787575  6.618426E-03  0.371193
   0.789579  6.913434E-03  0.372687
   0.791583  7.444243E-03  0.374076
   0.793587  8.182606E-03  0.375368
   0.795591  9.094409E-03  0.376571
   0.797595  1.014099E-02  0.377697
   0.799599  1.128067E-02  0.378761
   0.801603  1.247003E-02  0.379777
   0.803607  1.366571E-02  0.380761
   0.805611  1.482553E-02  0.381731
   0.807615  1.590983E-02  0.382702
   0.809619  1.688270E-02  0.383690
   0.811623  1.771270E-02  0.384710
   0.813627  1.837379E-02  0.385773
   0.815631  1.884579E-02  0.386892
   0.817635  1.911470E-02  0.388075
   0.819639  1.917294E-02  0.389328
   0.821643  1.901935E-02  0.390656
   0.823647  1.865896E-02  0.392060
   0.825651  1.810272E-02  0.393540
   0.827655  1.736706E-02  0.395093
   0.829659  1.647316E-02  0.396712
   0.831663  1.544659E-02  0.398390
   0.833667  1.431616E-02  0.400118
   0.835671  1.311323E-02  0.401885
   0.837675  1.187089E-02  0.403678
   0.839679  1.062268E-02  0.405485
   0.841683  9.402065E-03  0.407291
   0.843687  8.241013E-03  0.409083
   0.845691  7.169407E-03  0.410849
   0.847695  6.213889E-03  0.412574
   0.849699  5.397357E-03  0.414248
   0.851703  4.738256E-03  0.415861
   0.853707  4.249893E-03  0.417405
   0.855711  3.940384E-03  0.418872
   0.857715  3.812300E-03  0.420260
   0.859719  3.862781E-03  0.421567
   0.861723  4.083746E-03  0.422792
   0.863727  4.462200E-03  0.423938
   0.865731  4.980871E-03  0.425011
   0.867736  5.618714E-03  0.426017
   0.869739  6.351769E-03  0.426965
   0.871744  7.153981E-03  0.427864
   0.873748  7.997935E-03  0.428725
   0.875751  8.855746E-03  0.429559
   0.877756  9.700014E-03  0.430380
   0.879760  1.050442E-02  0.431197
   0.881764  1.124452E-02  0.432023
   0.883768  1.189837E-02  0.432869
   0.885772  1.244703E-02  0.433744
   0.887776  1.287498E-02  0.434658
   0.889780  1.317048E-02  0.435617
   0.891784  1.332568E-02  0.436627
   0.893788  1.333680E-02  0.437692
   0.895792  1.320407E-02  0.438815
   0.897796  1.293164E-02  0.439997
   0.899800  1.252740E-02  0.441235
   0.901804  1.200261E-02  0.442527
   0.903808  1.137167E-02  0.443870
   0.905812  1.065156E-02  0.445256
   0.907816  9.861395E-03  0.446679
   0.909820  9.021981E-03  0.448131
   0.911824  8.154987E-03  0.449602
   0.913828  7.282737E-03  0.451083
   0.915832  6.427117E-03  0.452564
   0.917836  5.609488E-03  0.454035
   0.919840  4.849752E-03  0.455486
   0.921844  4.165939E-03  0.456908
   0.923848  3.573674E-03  0.458293
   0.925852  3.085966E-03  0.459633
   0.927856  2.712588E-03  0.460921
   0.929860  2.460073E-03  0.462154
   0.931864  2.331483E-03  0.463326
   0.933868  2.326402E-03  0.464438
   0.935872  2.441029E-03  0.465488
   0.937876  2.668332E-03  0.466478
   0.939880  2.998329E-03  0.467410
   0.941884  3.418416E-03  0.468289
   0.943888  3.913823E-03  0.469121
   0.945892  4.468073E-03  0.469912
   0.947896  5.063398E-03  0.470669
   0.949900  5.681430E-03  0.471401
   0.951904  6.303563E-03  0.472116
   0.953908  6.911529E-03  0.472823
   0.955912  7.487890E-03  0.473531
   0.957916  8.016468E-03  0.474248
   0.959920  8.482683E-03  0.474981
   0.961924  8.873995E-03  0.475738
   0.963928  9.180082E-03  0.476526
   0.965932  9.393101E-03  0.477349
   0.967936  9.507752E-03  0.478212
   0.969940  9.521456E-03  0.479117
   0.971944  9.434302E-03  0.480067
   0.973948  9.248953E-03  0.481061
   0.975952  8.970560E-03  0.482098
   0.977956  8.606653E-03  0.483177
   0.979960  8.166756E-03  0.484295
   0.981964  7.662261E-03  0.485446
   0.983968  7.106046E-03  0.486627
   0.985972  6.512084E-03  0.487830
   0.987976  5.895199E-03  0.489049
   0.989980  5.270475E-03  0.490277
   0.991984  4.653178E-03  0.491506
   0.993988  4.058038E-03  0.492730
   0.995992  3.499020E-03  0.493941
   0.997996  2.988985E-03  0.495132
   1.00000  2.539361E-03  0.496296
