25.20	0.575416
25.40	0.590165
25.60	0.602777
25.80	0.61525
26.00	0.62708
26.20	0.635426
26.40	0.6406635
26.60	0.644749
26.80	0.647071
27.00	0.645927
27.20	0.6432935
27.40	0.642837
27.60	0.644623
27.80	0.6456795
28.00	0.6461195
28.20	0.6498375
28.40	0.6565595
28.60	0.6626725
28.80	0.6675935
29.00	0.6734055
29.20	0.680376
29.40	0.6856485
29.60	0.688562
29.80	0.6915865
30.00	0.6936115
30.20	0.6903475
30.40	0.680318
30.60	0.665116
30.80	0.6476535
31.00	0.628502
31.20	0.6080535
31.40	0.5884185
31.60	0.5700165
31.80	0.5522605
32.00	0.5359315
32.20	0.5231955
32.40	0.513819
32.60	0.505984
32.80	0.499422
33.00	0.4941245
33.20	0.489405
33.40	0.485132
33.60	0.4821425
33.80	0.481521
34.00	0.4817585
34.20	0.4810655
34.40	0.4812975
34.60	0.485274
34.80	0.4925635
35.00	0.500495
35.20	0.508605
35.40	0.5177895
35.60	0.5277065
35.80	0.5388365
36.00	0.552698
36.20	0.56897
36.40	0.585909
36.60	0.601402
36.80	0.615945
37.00	0.633168
37.20	0.652757
37.40	0.672956
37.60	0.6947415
37.80	0.7179165
38.00	0.7399475
38.20	0.759248
38.40	0.777327
38.60	0.7965905
38.80	0.816859
39.00	0.8355045
39.20	0.8534375
39.40	0.8733355
39.60	0.8961385
39.80	0.9200035
40.00	0.9428345
40.20	0.966967
40.40	0.992956
40.60	1.0181875
40.80	1.0436905
41.00	1.0727415
41.20	1.104585
41.40	1.1355245
41.60	1.1639985
41.80	1.192062
42.00	1.220961
42.20	1.2485145
42.40	1.2736155
42.60	1.2966155
42.80	1.317035
43.00	1.332899
43.20	1.344212
43.40	1.3549515
43.60	1.367291
43.80	1.3779965
44.00	1.385717
44.20	1.3948975
44.40	1.4073835
44.60	1.4214185
44.80	1.4364245
45.00	1.453085
45.20	1.471475
45.40	1.4900345
45.60	1.5066195
45.80	1.522147
46.00	1.5383355
46.20	1.5527775
46.40	1.5626085
46.60	1.5682375
46.80	1.5709285
47.00	1.5707235
47.20	1.5681805
47.40	1.5644835
47.60	1.5613845
47.80	1.5583925
48.00	1.5543395
48.20	1.550876
48.40	1.549396
48.60	1.5504515
48.80	1.553587
49.00	1.557962
49.20	1.5637615
49.40	1.5715255
49.60	1.5814945
49.80	1.5935055
50.00	1.606091
50.20	1.6179055
50.40	1.629128
50.60	1.6403245
50.80	1.6513475
51.00	1.662084
51.20	1.6733395
51.40	1.683922
51.60	1.692346
51.80	1.700865
52.00	1.7108085
52.20	1.7210185
52.40	1.7312175
52.60	1.742064
52.80	1.7541735
53.00	1.766986
53.20	1.779665
53.40	1.7920935
53.60	1.805192
53.80	1.8193095
54.00	1.8340445
54.20	1.848709
54.40	1.863836
54.60	1.8809865
54.80	1.9007775
55.00	1.922557
55.20	1.944812
55.40	1.9672865
55.60	1.98999
55.80	2.0131035
56.00	2.0361385
56.20	2.058526
56.40	2.080803
56.60	2.1027725
56.80	2.123555
57.00	2.143315
57.20	2.1637935
57.40	2.186371
57.60	2.211388
57.80	2.2385145
58.00	2.266023
58.20	2.2931835
58.40	2.3199205
58.60	2.3455315
58.80	2.369786
59.00	2.39143
59.20	2.408572
59.40	2.421101
59.60	2.4300695
59.80	2.4369215
60.00	2.442971
60.20	2.449643
60.40	2.4584585
60.60	2.4688255
60.80	2.4805755
61.00	2.494177
61.20	2.5089455
61.40	2.5247235
61.60	2.5406455
61.80	2.5553475
62.00	2.567966
62.20	2.578666
62.40	2.5867815
62.60	2.5924465
62.80	2.597935
63.00	2.6042055
63.20	2.610807
63.40	2.616327
63.60	2.620589
63.80	2.6243065
64.00	2.626957
64.20	2.627665
64.40	2.6283585
64.60	2.631709
64.80	2.6386765
65.00	2.6514855
65.20	2.670918
65.40	2.6940585
65.60	2.717746
65.80	2.739954
66.00	2.7595495
66.20	2.776896
66.40	2.7939215
66.60	2.812372
66.80	2.8333215
67.00	2.855479
67.20	2.87459
67.40	2.8892485
67.60	2.901789
67.80	2.9130145
68.00	2.9239095
68.20	2.9357515
68.40	2.9490585
68.60	2.964278
68.80	2.980833
69.00	2.9987155
69.20	3.01887
69.40	3.0405635
69.60	3.0604155
69.80	3.076564
70.00	3.0895665
70.20	3.100772
70.40	3.110666
70.60	3.118449
70.80	3.124586
71.00	3.1296595
71.20	3.133185
71.40	3.1361615
71.60	3.142478
71.80	3.155282
72.00	3.1729155
72.20	3.1918705
72.40	3.2123305
72.60	3.23536
72.80	3.2582805
73.00	3.278864
73.20	3.300419
73.40	3.3237255
73.60	3.3452965
73.80	3.3648015
74.00	3.3863695
74.20	3.4126005
74.40	3.439735
74.60	3.4634355
74.80	3.4838955
75.00	3.5027245
75.20	3.5184645
75.40	3.529489
75.60	3.5392065
75.80	3.549789
76.00	3.5579645
76.20	3.5618015
76.40	3.564917
76.60	3.5718955
76.80	3.5818305
77.00	3.592095
77.20	3.6019335
77.40	3.6126445
77.60	3.6260555
77.80	3.6416985
78.00	3.658206
78.20	3.676662
78.40	3.696325
78.60	3.712986
78.80	3.725548
79.00	3.7382255
79.20	3.7540475
79.40	3.77008
79.60	3.7844505
79.80	3.7998295
80.00	3.818474
80.20	3.8392845
80.40	3.8609435
80.60	3.884451
80.80	3.910435
81.00	3.9354985
81.20	3.956809
81.40	3.9769715
81.60	3.999262
81.80	4.022576
82.00	4.044138
82.20	4.0637765
82.40	4.082279
82.60	4.099905
82.80	4.116877
83.00	4.131433
83.20	4.143692
83.40	4.1560955
83.60	4.166419
83.80	4.1725775
84.00	4.177869
84.20	4.1854995
84.40	4.1935295
84.60	4.199106
84.80	4.2036125
85.00	4.2106125
85.20	4.2207145
85.40	4.231274
85.60	4.2416435
85.80	4.253872
86.00	4.267628
86.20	4.2804855
86.40	4.2931205
86.60	4.3081735
86.80	4.325595
87.00	4.3420325
87.20	4.3563425
87.40	4.371835
87.60	4.389455
87.80	4.4056465
88.00	4.4195685
88.20	4.434986
88.40	4.4532075
88.60	4.470993
88.80	4.4876555
89.00	4.5065345
89.20	4.5285705
89.40	4.5511595
89.60	4.5728755
89.80	4.595809
90.00	4.620827
90.20	4.6455085
90.40	4.668078
90.60	4.688755
90.80	4.707967
91.00	4.7235345
91.20	4.7334915
91.40	4.7408595
91.60	4.7489935
91.80	4.7573685
92.00	4.763334
92.20	4.769013
92.40	4.778093
92.60	4.7890055
92.80	4.8022345
93.00	4.8221075
93.20	4.840233
93.40	4.8518725
93.60	4.862372
93.80	4.873757
94.00	4.8878065
94.20	4.902425
94.40	4.916856
94.60	4.9328325
94.80	4.9506685
95.00	4.96807
95.20	4.983647
95.40	4.99911
95.60	5.0154055
95.80	5.030086
96.00	5.042493
96.20	5.055784
96.40	5.0711275
96.60	5.0862105
96.80	5.100603
97.00	5.1177265
97.20	5.138791
97.40	5.161631
97.60	5.1861865
97.80	5.214753
98.00	5.2460795
98.20	5.276552
98.40	5.3050535
98.60	5.3324185
98.80	5.358699
99.00	5.3827165
99.20	5.403988
99.40	5.423822
99.60	5.442548
99.80	5.458771
100.00	5.473361
100.20	5.488457
100.40	5.505325
100.60	5.522737
100.80	5.5389255
101.00	5.5542585
101.20	5.5708165
101.40	5.588946
101.60	5.604951
101.80	5.6195215
102.00	5.636178
102.20	5.6531245
102.40	5.6681705
102.60	5.6833015
102.80	5.699893
103.00	5.7149995
103.20	5.7257125
103.40	5.733509
103.60	5.7412415
103.80	5.748867
104.00	5.755471
104.20	5.7611795
104.40	5.7688935
104.60	5.7798575
104.80	5.7913325
105.00	5.8044985
105.20	5.8216215
105.40	5.8412305
105.60	5.861421
105.80	5.8818095
106.00	5.904388
106.20	5.928626
106.40	5.9501835
106.60	5.967826
106.80	5.9832045
107.00	5.9976725
107.20	6.010268
107.40	6.020286
107.60	6.0297175
107.80	6.0386205
108.00	6.0459805
108.20	6.0534795
108.40	6.0642955
108.60	6.07939
108.80	6.096434
109.00	6.1135235
109.20	6.1313395
109.40	6.1514355
109.60	6.1727805
109.80	6.1936085
110.00	6.21453
110.20	6.2351335
110.40	6.2531005
110.60	6.267892
110.80	6.282789
111.00	6.299989
111.20	6.3176265
111.40	6.3337105
111.60	6.349717
111.80	6.367134
112.00	6.3848295
112.20	6.4033555
112.40	6.423977
112.60	6.4448395
112.80	6.463124
113.00	6.4789355
113.20	6.495702
113.40	6.5160065
113.60	6.538733
113.80	6.5621985
114.00	6.586536
114.20	6.611902
114.40	6.6375215
114.60	6.66363
114.80	6.6907415
115.00	6.7175155
115.20	6.740411
115.40	6.758351
115.60	6.7757585
115.80	6.794032
116.00	6.809938
116.20	6.8226725
116.40	6.8334495
116.60	6.8425455
116.80	6.8510515
117.00	6.860368
117.20	6.8718605
117.40	6.885895
117.60	6.900752
117.80	6.913713
118.00	6.9236905
118.20	6.933674
118.40	6.9442885
118.60	6.95254
118.80	6.9579855
119.00	6.9622945
119.20	6.9648405
119.40	6.9644245
119.60	6.9639025
119.80	6.9653785
120.00	6.966922
120.20	6.9659785
120.40	6.9637365
120.60	6.9629685
120.80	6.964165
121.00	6.9663755
121.20	6.968915
121.40	6.970363
121.60	6.969374
121.80	6.9673615
122.00	6.9670835
122.20	6.9701105
122.40	6.9758245
122.60	6.982703
122.80	6.9894565
123.00	6.9963895
123.20	7.004192
123.40	7.0135355
123.60	7.0240885
123.80	7.0331245
124.00	7.039664
124.20	7.044199
124.40	7.0489245
124.60	7.056535
124.80	7.0656215
125.00	7.07534
125.20	7.0854155
125.40	7.095657
125.60	7.1074445
125.80	7.1224945
126.00	7.1399555
126.20	7.1571005
126.40	7.1735285
126.60	7.1885055
126.80	7.2020345
127.00	7.214411
127.20	7.2252335
127.40	7.235495
127.60	7.2443465
127.80	7.250796
128.00	7.2566265
128.20	7.26366
128.40	7.273274
128.60	7.2855835
128.80	7.298257
129.00	7.3097965
129.20	7.3211795
129.40	7.333641
129.60	7.34653
129.80	7.359113
130.00	7.3728385
130.20	7.3873775
130.40	7.400628
130.60	7.4138385
130.80	7.429284
131.00	7.446386
131.20	7.463507
131.40	7.4804225
131.60	7.4974355
131.80	7.5126125
132.00	7.5250865
132.20	7.536468
132.40	7.547364
132.60	7.55651
132.80	7.564314
133.00	7.5736285
133.20	7.585194
133.40	7.598516
133.60	7.613285
133.80	7.630127
134.00	7.649017
134.20	7.667535
134.40	7.684731
134.60	7.701954
134.80	7.7191245
135.00	7.734442
135.20	7.74704
135.40	7.7573535
135.60	7.766255
135.80	7.774284
136.00	7.7814745
136.20	7.788707
136.40	7.797461
136.60	7.807673
136.80	7.818619
137.00	7.8303925
137.20	7.842999
137.40	7.8563225
137.60	7.869622
137.80	7.883528
138.00	7.8994305
138.20	7.915894
138.40	7.9317225
138.60	7.9480775
138.80	7.96522
139.00	7.9818545
139.20	7.9969675
139.40	8.0109705
139.60	8.024583
139.80	8.036757
140.00	8.0469055
140.20	8.05638
140.40	8.066378
140.60	8.0751625
140.80	8.0800725
141.00	8.08155
141.20	8.0823505
141.40	8.0833875
141.60	8.083698
141.80	8.083737
142.00	8.0847915
142.20	8.0861965
142.40	8.0873975
142.60	8.0904415
142.80	8.09603
143.00	8.1018385
143.20	8.10579
143.40	8.107847
143.60	8.10842
143.80	8.10792
144.00	8.1072755
144.20	8.1072265
144.40	8.1076675
144.60	8.107596
144.80	8.1067765
145.00	8.1080985
145.20	8.1133685
145.40	8.119967
145.60	8.1258815
145.80	8.132413
146.00	8.141221
146.20	8.1512865
146.40	8.161397
146.60	8.1718525
146.80	8.18355
147.00	8.1958935
147.20	8.206316
147.40	8.2147405
147.60	8.22222
147.80	8.228105
148.00	8.2307155
148.20	8.2305725
148.40	8.2299125
148.60	8.2289605
148.80	8.2264485
149.00	8.223673
149.20	8.2222535
149.40	8.221502
149.60	8.2209095
149.80	8.2212315
150.00	8.2234135
150.20	8.226601
150.40	8.2298415
150.60	8.2346235
150.80	8.2415905
151.00	8.2484555
151.20	8.252988
151.40	8.2569975
151.60	8.2629955
151.80	8.268504
152.00	8.2723145
152.20	8.276307
152.40	8.280759
152.60	8.2861215
152.80	8.2921855
153.00	8.2970925
153.20	8.301521
153.40	8.3070995
153.60	8.3134085
153.80	8.320138
154.00	8.328778
154.20	8.34069
154.40	8.355377
154.60	8.37272
154.80	8.392184
155.00	8.412414
155.20	8.4327495
155.40	8.451421
155.60	8.467012
155.80	8.4798745
156.00	8.490652
156.20	8.4982415
156.40	8.5014805
156.60	8.501026
156.80	8.4970595
157.00	8.491953
157.20	8.488761
157.40	8.48766
157.60	8.4871615
157.80	8.4863475
158.00	8.4859645
158.20	8.486906
158.40	8.489994
158.60	8.4957795
158.80	8.502974
159.00	8.5089735
159.20	8.513939
159.40	8.5187695
159.60	8.5231475
159.80	8.527257
160.00	8.531328
160.20	8.5358485
160.40	8.5405195
160.60	8.5441
160.80	8.5477985
161.00	8.5535915
161.20	8.5610115
161.40	8.568248
161.60	8.57424
161.80	8.579868
162.00	8.587229
162.20	8.5964485
162.40	8.6078225
162.60	8.622371
162.80	8.6402135
163.00	8.6609345
163.20	8.682484
163.40	8.703938
163.60	8.7256565
163.80	8.745028
164.00	8.7592655
164.20	8.7693845
164.40	8.777381
164.60	8.78357
164.80	8.7871595
165.00	8.7878485
165.20	8.787621
165.40	8.7878865
165.60	8.787837
165.80	8.78746
166.00	8.788686
166.20	8.791646
166.40	8.795497
166.60	8.798551
166.80	8.800379
167.00	8.8038615
167.20	8.808388
167.40	8.8111725
167.60	8.8126225
167.80	8.8143
168.00	8.8151805
168.20	8.813592
168.40	8.8109415
168.60	8.809637
168.80	8.8082395
169.00	8.804484
169.20	8.801211
169.40	8.8024145
169.60	8.806401
169.80	8.8092055
170.00	8.8117175
170.20	8.817731
170.40	8.826683
170.60	8.834379
170.80	8.8408435
171.00	8.8509655
171.20	8.8636465
171.40	8.874422
171.60	8.883801
171.80	8.89506
172.00	8.9077975
172.20	8.9180565
172.40	8.9252525
172.60	8.932781
172.80	8.940655
173.00	8.9460715
173.20	8.9497385
173.40	8.9558045
173.60	8.9661245
173.80	8.977064
174.00	8.9863065
174.20	8.997509
174.40	9.012292
174.60	9.0256595
174.80	9.035041
175.00	9.0428525
175.20	9.050161
175.40	9.054494
175.60	9.0543485
175.80	9.053671
176.00	9.056108
176.20	9.0577605
176.40	9.056002
176.60	9.056362
176.80	9.061372
177.00	9.0664765
177.20	9.069585
177.40	9.074149
177.60	9.082575
177.80	9.0909655
178.00	9.0959775
178.20	9.101074
178.40	9.1088795
178.60	9.116598
178.80	9.1214275
179.00	9.1259205
179.20	9.1339625
179.40	9.143469
179.60	9.149599
179.80	9.153634
180.00	9.1603985
180.20	9.1681125
180.40	9.171185
180.60	9.1702195
180.80	9.168715
181.00	9.1665495
181.20	9.1622985
181.40	9.1569795
181.60	9.1536195
181.80	9.153971
182.00	9.155107
182.20	9.1540185
182.40	9.153922
182.60	9.15717
182.80	9.1609915
183.00	9.1622755
183.20	9.160731
183.40	9.157629
183.60	9.1515965
183.80	9.1420385
184.00	9.1317275
184.20	9.1231725
184.40	9.114826
184.60	9.10308
184.80	9.0901835
185.00	9.0817985
185.20	9.077482
185.40	9.073491
185.60	9.06892
185.80	9.065439
186.00	9.0633655
186.20	9.061427
186.40	9.059254
186.60	9.0577995
186.80	9.0572165
187.00	9.055202
187.20	9.051479
187.40	9.0481875
187.60	9.0470375
187.80	9.046381
188.00	9.0442755
188.20	9.0416175
188.40	9.0401565
188.60	9.0384815
188.80	9.034892
189.00	9.0316605
189.20	9.030527
189.40	9.029591
189.60	9.027464
189.80	9.0259165
190.00	9.027906
190.20	9.0337755
190.40	9.041692
190.60	9.0501195
190.80	9.0590585
191.00	9.0683565
191.20	9.0775035
191.40	9.087878
191.60	9.0978695
191.80	9.1054585
192.00	9.1121795
192.20	9.1197855
192.40	9.1291905
192.60	9.1404665
192.80	9.1532655
193.00	9.1671575
193.20	9.181244
193.40	9.1957025
193.60	9.211434
193.80	9.2286385
194.00	9.24543
194.20	9.2611865
194.40	9.2780235
194.60	9.2963965
194.80	9.3159475
195.00	9.338085
195.20	9.3636505
195.40	9.390828
195.60	9.416238
195.80	9.438884
196.00	9.460339
196.20	9.480733
196.40	9.497415
196.60	9.508569
196.80	9.515576
197.00	9.5183315
197.20	9.51724
197.40	9.5156885
197.60	9.516083
197.80	9.5183945
198.00	9.521231
198.20	9.5235685
198.40	9.527201
198.60	9.5342845
198.80	9.543624
199.00	9.5525295
199.20	9.5600235
199.40	9.5660425
199.60	9.569561
199.80	9.5701935
200.00	9.569894
200.20	9.570697
200.40	9.5724205
200.60	9.5730395
200.80	9.5720535
201.00	9.5730515
201.20	9.577877
201.40	9.584679
201.60	9.5917555
201.80	9.598534
202.00	9.6054645
202.20	9.61278
202.40	9.6212935
202.60	9.632284
202.80	9.64561
203.00	9.659121
203.20	9.6714955
203.40	9.6831055
203.60	9.6954045
203.80	9.7091055
204.00	9.721956
204.20	9.731688
204.40	9.736278
204.60	9.736645
204.80	9.7361105
205.00	9.735758
205.20	9.734943
205.40	9.7338385
205.60	9.732898
205.80	9.731902
206.00	9.7324645
206.20	9.735565
206.40	9.74055
206.60	9.7468505
206.80	9.754355
207.00	9.762169
207.20	9.7694
207.40	9.775915
207.60	9.781754
207.80	9.788093
208.00	9.792446
208.20	9.793271
208.40	9.7922005
208.60	9.7901885
208.80	9.7882705
209.00	9.786152
209.20	9.784054
209.40	9.781614
209.60	9.778457
209.80	9.7771115
210.00	9.7774865
210.20	9.7783245
210.40	9.77905
210.60	9.7803
210.80	9.783837
211.00	9.789354
211.20	9.796341
211.40	9.80529
211.60	9.815579
211.80	9.8249395
212.00	9.8321175
212.20	9.836767
212.40	9.839028
212.60	9.8398975
212.80	9.838984
213.00	9.8350935
213.20	9.82723
213.40	9.815958
213.60	9.804425
213.80	9.794732
214.00	9.78575
214.20	9.776361
214.40	9.766795
214.60	9.7575695
214.80	9.749806
215.00	9.7440165
215.20	9.73934
215.40	9.734724
215.60	9.7300195
215.80	9.7247365
216.00	9.7187705
216.20	9.711301
216.40	9.7020035
216.60	9.693809
216.80	9.6875915
217.00	9.6797375
217.20	9.6689965
217.40	9.6582215
217.60	9.64923
217.80	9.6417605
218.00	9.6343905
218.20	9.6282545
218.40	9.6249345
218.60	9.624087
218.80	9.62532
219.00	9.6286925
219.20	9.635053
219.40	9.6428135
219.60	9.6492295
219.80	9.653151
220.00	9.6549025
220.20	9.655401
220.40	9.6538925
220.60	9.648985
220.80	9.641406
221.00	9.63133
221.20	9.6177935
221.40	9.602277
221.60	9.587395
221.80	9.574542
222.00	9.5622745
222.20	9.5490065
222.40	9.5364315
222.60	9.526256
222.80	9.5171215
223.00	9.508543
223.20	9.501319
223.40	9.49403
223.60	9.4843715
223.80	9.472514
224.00	9.460457
224.20	9.449572
224.40	9.439057
224.60	9.426738
224.80	9.4135545
225.00	9.401474
225.20	9.3908575
225.40	9.381508
225.60	9.3726875
225.80	9.364208
226.00	9.3560675
226.20	9.3465685
226.40	9.3346695
226.60	9.3235465
226.80	9.3174455
227.00	9.3154135
227.20	9.3132965
227.40	9.310051
227.60	9.3082485
227.80	9.3094685
228.00	9.3119845
228.20	9.313017
228.40	9.3123865
228.60	9.310758
228.80	9.306919
229.00	9.299875
229.20	9.291651
229.40	9.2836895
229.60	9.273276
229.80	9.2599965
230.00	9.2457745
230.20	9.231951
230.40	9.2198565
230.60	9.209509
230.80	9.200553
231.00	9.191372
231.20	9.1794315
231.40	9.16529
231.60	9.151074
231.80	9.1364315
232.00	9.1203135
232.20	9.101318
232.40	9.078607
232.60	9.055095
232.80	9.0318655
233.00	9.0083345
233.20	8.9863745
233.40	8.967323
233.60	8.9485045
233.80	8.9280985
234.00	8.908254
234.20	8.890847
234.40	8.8754425
234.60	8.8602045
234.80	8.8447455
235.00	8.8300175
235.20	8.8154045
235.40	8.7998015
235.60	8.783604
235.80	8.7683255
236.00	8.7549445
236.20	8.7410635
236.40	8.7246415
236.60	8.70638
236.80	8.6869655
237.00	8.666381
237.20	8.6446065
237.40	8.6221885
237.60	8.6005105
237.80	8.5794015
238.00	8.558103
238.20	8.5373395
238.40	8.5185155
238.60	8.501435
238.80	8.4837895
239.00	8.465374
239.20	8.447189
239.40	8.42949
239.60	8.411718
239.80	8.392822
240.00	8.372356
240.20	8.3506975
240.40	8.3273415
240.60	8.301495
240.80	8.2773705
241.00	8.2572115
241.20	8.2369745
241.40	8.214911
241.60	8.193865
241.80	8.1760115
242.00	8.160392
242.20	8.1456785
242.40	8.1323905
242.60	8.120908
242.80	8.1101765
243.00	8.0986345
243.20	8.087594
243.40	8.0793595
243.60	8.071348
243.80	8.0611975
244.00	8.050216
244.20	8.0396775
244.40	8.028002
244.60	8.0137205
244.80	7.997957
245.00	7.9803355
245.20	7.961189
245.40	7.9404895
245.60	7.9195785
245.80	7.901986
246.00	7.8880225
246.20	7.8743915
246.40	7.85919
246.60	7.846052
246.80	7.8353265
247.00	7.823345
247.20	7.809219
247.40	7.794798
247.60	7.781389
247.80	7.7677185
248.00	7.75273
248.20	7.7383115
248.40	7.724334
248.60	7.708289
248.80	7.6902215
249.00	7.6728265
249.20	7.658491
249.40	7.6457995
249.60	7.632855
249.80	7.622231
250.00	7.6154535
250.20	7.610124
250.40	7.6042015
250.60	7.5981545
250.80	7.5936445
251.00	7.590326
251.20	7.5863995
251.40	7.5805655
251.60	7.5748395
251.80	7.57117
252.00	7.568286
252.20	7.5653525
252.40	7.561781
252.60	7.5563355
252.80	7.548528
253.00	7.5394155
253.20	7.530132
253.40	7.5196105
253.60	7.5069055
253.80	7.492622
254.00	7.478742
254.20	7.4669195
254.40	7.4563175
254.60	7.4461945
254.80	7.4368725
255.00	7.4304595
255.20	7.426525
255.40	7.4222265
255.60	7.4175805
255.80	7.413044
256.00	7.4085725
256.20	7.4011415
256.40	7.3878715
256.60	7.370535
256.80	7.35006
257.00	7.3263225
257.20	7.301044
257.40	7.2755915
257.60	7.251175
257.80	7.227713
258.00	7.203739
258.20	7.1796715
258.40	7.1578505
258.60	7.138999
258.80	7.1215985
259.00	7.1047305
259.20	7.0889965
259.40	7.073571
259.60	7.0569635
259.80	7.03956
260.00	7.021941
260.20	7.004488
260.40	6.986606
260.60	6.9679245
260.80	6.950494
261.00	6.936602
261.20	6.9265255
261.40	6.91839
261.60	6.9111975
261.80	6.903677
262.00	6.894156
262.20	6.8847815
262.40	6.878474
262.60	6.875251
262.80	6.8723575
263.00	6.867442
263.20	6.861804
263.40	6.8565065
263.60	6.850694
263.80	6.84459
264.00	6.838433
264.20	6.8303715
264.40	6.8192625
264.60	6.806909
264.80	6.7946065
265.00	6.783455
265.20	6.774166
265.40	6.766801
265.60	6.7592855
265.80	6.750743
266.00	6.7417635
266.20	6.731903
266.40	6.7210605
266.60	6.708196
266.80	6.6928855
267.00	6.6760405
267.20	6.6595585
267.40	6.6459655
267.60	6.6360665
267.80	6.628981
268.00	6.6240305
268.20	6.619843
268.40	6.6145975
268.60	6.607034
268.80	6.598681
269.00	6.5899695
269.20	6.5777175
269.40	6.5611025
269.60	6.541745
269.80	6.5204865
270.00	6.4979715
270.20	6.4745065
270.40	6.452313
270.60	6.4329925
270.80	6.4135445
271.00	6.392136
271.20	6.371419
271.40	6.35389
271.60	6.337814
271.80	6.321203
272.00	6.303677
272.20	6.2855345
272.40	6.2660655
272.60	6.242827
272.80	6.215592
273.00	6.187235
273.20	6.1582535
273.40	6.126414
273.60	6.091813
273.80	6.057608
274.00	6.0263955
274.20	5.99694
274.40	5.968758
274.60	5.9425525
274.80	5.917849
275.00	5.893002
275.20	5.867437
275.40	5.843004
275.60	5.8204655
275.80	5.7969755
276.00	5.77106
276.20	5.745514
276.40	5.722348
276.60	5.7012285
276.80	5.6812505
277.00	5.663454
277.20	5.648717
277.40	5.6337245
277.60	5.6169925
277.80	5.601223
278.00	5.587073
278.20	5.5732365
278.40	5.558337
278.60	5.5438585
278.80	5.5317275
279.00	5.5213015
279.20	5.5114805
279.40	5.501124
279.60	5.490853
279.80	5.4803355
280.00	5.468997
280.20	5.458264
280.40	5.44985
280.60	5.4432365
280.80	5.4370655
281.00	5.4332145
281.20	5.4337235
281.40	5.4378455
281.60	5.4461275
281.80	5.4590895
282.00	5.474528
282.20	5.4896225
282.40	5.501612
282.60	5.510818
282.80	5.517935
283.00	5.524103
283.20	5.531094
283.40	5.5389085
283.60	5.548116
283.80	5.5587165
284.00	5.56969
284.20	5.5816685
284.40	5.596315
284.60	5.611687
284.80	5.624045
285.00	5.632062
285.20	5.6361705
285.40	5.6360715
285.60	5.6308675
285.80	5.6221565
286.00	5.611812
286.20	5.5980775
286.40	5.5808735
286.60	5.5633925
286.80	5.5464985
287.00	5.530272
287.20	5.514612
287.40	5.5002
287.60	5.4866515
287.80	5.473705
288.00	5.461952
288.20	5.4510015
288.40	5.4414415
288.60	5.431443
288.80	5.4184995
289.00	5.40293
289.20	5.387414
289.40	5.372846
289.60	5.3570915
289.80	5.3388655
290.00	5.3195595
290.20	5.2995505
290.40	5.278812
290.60	5.260028
290.80	5.243031
291.00	5.226117
291.20	5.208788
291.40	5.190434
291.60	5.1731465
291.80	5.1600025
292.00	5.149771
292.20	5.1388335
292.40	5.126622
292.60	5.114413
292.80	5.1026035
293.00	5.090467
293.20	5.0774115
293.40	5.0626665
293.60	5.0454675
293.80	5.025181
294.00	5.003354
294.20	4.983712
294.40	4.9664775
294.60	4.950714
294.80	4.936695
295.00	4.9241435
295.20	4.9128585
295.40	4.9034155
295.60	4.8954885
295.80	4.887905
296.00	4.8791485
296.20	4.8685185
296.40	4.8559875
296.60	4.8411305
296.80	4.824576
297.00	4.806181
297.20	4.784618
297.40	4.7607925
297.60	4.738322
297.80	4.719112
298.00	4.7012145
298.20	4.6837545
298.40	4.6667605
298.60	4.649159
298.80	4.629511
299.00	4.6075445
299.20	4.5880285
299.40	4.5716555
299.60	4.555615
299.80	4.539459
300.00	4.5250255
300.20	4.513375
300.40	4.5033865
300.60	4.494044
300.80	4.485298
301.00	4.4766005
301.20	4.465681
301.40	4.4529665
301.60	4.4401175
301.80	4.4278105
302.00	4.414422
302.20	4.399141
302.40	4.382992
302.60	4.367151
302.80	4.351515
303.00	4.3355595
303.20	4.320613
303.40	4.3070455
303.60	4.293124
303.80	4.278841
304.00	4.26481
304.20	4.251961
304.40	4.2410525
304.60	4.228795
304.80	4.2125065
305.00	4.192877
305.20	4.1702
305.40	4.1433345
305.60	4.111858
305.80	4.076328
306.00	4.0388445
306.20	4.000289
306.40	3.960743
306.60	3.9230275
306.80	3.88849
307.00	3.85654
307.20	3.826016
307.40	3.7965995
307.60	3.7704745
307.80	3.7453005
308.00	3.718718
308.20	3.692861
308.40	3.6681205
308.60	3.642159
308.80	3.6156715
309.00	3.592408
309.20	3.5723085
309.40	3.5533615
309.60	3.5352365
309.80	3.5187535
310.00	3.5042905
310.20	3.491059
310.40	3.4782355
310.60	3.4670785
310.80	3.458762
311.00	3.451927
311.20	3.4446255
311.40	3.4384445
311.60	3.4353455
311.80	3.432545
312.00	3.427957
312.20	3.4231575
312.40	3.4201795
312.60	3.416869
312.80	3.4092435
313.00	3.3984555
313.20	3.3883835
313.40	3.3804155
313.60	3.3728285
313.80	3.366435
314.00	3.3642255
314.20	3.3643705
314.40	3.3635825
314.60	3.3640415
314.80	3.367077
315.00	3.370928
315.20	3.371229
315.40	3.3679945
315.60	3.365666
315.80	3.364039
316.00	3.361011
316.20	3.356892
316.40	3.353912
316.60	3.3518525
316.80	3.348241
317.00	3.343816
317.20	3.3421235
317.40	3.3448855
317.60	3.3478255
317.80	3.3488215
318.00	3.350333
318.20	3.3519065
318.40	3.3514475
318.60	3.3469025
318.80	3.341529
319.00	3.336742
319.20	3.3290855
319.40	3.318352
319.60	3.3089825
319.80	3.303557
320.00	3.298726
320.20	3.29258
320.40	3.286913
320.60	3.2826095
320.80	3.2792065
321.00	3.2767775
321.20	3.277877
321.40	3.2829785
321.60	3.2861245
321.80	3.2858625
322.00	3.288075
322.20	3.29434
322.40	3.300393
322.60	3.303027
322.80	3.3036895
323.00	3.304379
323.20	3.302825
323.40	3.2977545
323.60	3.2944605
323.80	3.2967455
324.00	3.302891
324.20	3.310388
324.40	3.3216465
324.60	3.3388335
324.80	3.3576645
325.00	3.374237
325.20	3.386995
325.40	3.3942515
325.60	3.396345
325.80	3.3932585
326.00	3.385928
326.20	3.375742
326.40	3.3638055
326.60	3.350805
326.80	3.3362685
327.00	3.321477
327.20	3.307901
327.40	3.2966015
327.60	3.287389
327.80	3.277516
328.00	3.265372
328.20	3.250887
328.40	3.234812
328.60	3.216298
328.80	3.194424
329.00	3.167574
329.20	3.1348315
329.40	3.098861
329.60	3.0604095
329.80	3.018526
330.00	2.9747975
330.20	2.930026
330.40	2.88417
330.60	2.8386915
330.80	2.7952375
331.00	2.7539965
331.20	2.713779
331.40	2.6747785
331.60	2.636334
331.80	2.5971875
332.00	2.557503
332.20	2.51997
332.40	2.484645
332.60	2.4481085
332.80	2.409875
333.00	2.3726805
333.20	2.3392055
333.40	2.3095585
333.60	2.2830335
333.80	2.259705
334.00	2.2395865
334.20	2.220808
334.40	2.203225
334.60	2.189287
334.80	2.1774875
335.00	2.1668235
335.20	2.155836
335.40	2.1442355
335.60	2.1346465
335.80	2.1271065
336.00	2.119762
336.20	2.113216
336.40	2.107121
336.60	2.0996445
336.80	2.091601
337.00	2.085723
337.20	2.0823495
337.40	2.080783
337.60	2.080783
337.80	2.0816695
338.00	2.0839705
338.20	2.087823
338.40	2.092986
338.60	2.099124
338.80	2.1062495
339.00	2.1130145
339.20	2.117291
339.40	2.122465
339.60	2.131092
339.80	2.140745
340.00	2.149693
340.20	2.158551
340.40	2.1686765
340.60	2.179226
340.80	2.189375
341.00	2.2007705
341.20	2.2132395
341.40	2.223509
341.60	2.228113
341.80	2.228405
342.00	2.227416
342.20	2.2229595
342.40	2.2129425
342.60	2.1995575
342.80	2.185169
343.00	2.168755
343.20	2.149242
343.40	2.129191
343.60	2.1126735
343.80	2.0981615
344.00	2.081771
344.20	2.0645525
344.40	2.050018
344.60	2.0376995
344.80	2.0238165
345.00	2.0079805
345.20	1.992708
345.40	1.976924
345.60	1.957137
345.80	1.934013
346.00	1.9116455
346.20	1.8903355
346.40	1.8673435
346.60	1.8414925
346.80	1.8152665
347.00	1.7910865
347.20	1.76774
347.40	1.745098
347.60	1.7258805
347.80	1.710477
348.00	1.695091
348.20	1.678945
348.40	1.6662265
348.60	1.6582425
348.80	1.650506
349.00	1.640734
349.20	1.631757
349.40	1.625675
349.60	1.619775
349.80	1.612864
350.00	1.6081155
350.20	1.6064655
350.40	1.603342
350.60	1.5960655
350.80	1.5880705
351.00	1.582086
351.20	1.5762555
351.40	1.568932
351.60	1.562322
351.80	1.5582975
352.00	1.555992
352.20	1.5548585
352.40	1.5566395
352.60	1.5608595
352.80	1.564056
353.00	1.564793
353.20	1.5644475
353.40	1.5636675
353.60	1.5627685
353.80	1.5627665
354.00	1.5630825
354.20	1.5627335
354.40	1.5620665
354.60	1.56156
354.80	1.5614625
355.00	1.5610335
355.20	1.561331
355.40	1.5620865
355.60	1.5627555
355.80	1.5654005
356.00	1.5710595
356.20	1.5785175
356.40	1.586719
356.60	1.596615
356.80	1.607519
357.00	1.6195355
357.20	1.6320615
357.40	1.644687
357.60	1.6583975
357.80	1.670965
358.00	1.6801915
358.20	1.6861465
358.40	1.6900665
358.60	1.691963
358.80	1.691781
359.00	1.6902545
359.20	1.688047
359.40	1.684507
359.60	1.6802855
359.80	1.678166
360.00	1.678026
360.20	1.678563
360.40	1.679207
360.60	1.678456
360.80	1.676208
361.00	1.67305
361.20	1.6675045
361.40	1.659242
361.60	1.6494385
361.80	1.6393875
362.00	1.6282385
362.20	1.6142255
362.40	1.59992
362.60	1.588608
362.80	1.578796
363.00	1.5675845
363.20	1.5554955
363.40	1.5439275
363.60	1.5329505
363.80	1.522297
364.00	1.512496
364.20	1.505292
364.40	1.500064
364.60	1.4942985
364.80	1.487836
365.00	1.4819745
365.20	1.4779535
365.40	1.4747155
365.60	1.470156
365.80	1.464496
366.00	1.4574405
366.20	1.4491655
366.40	1.4394585
366.60	1.4288795
366.80	1.4191765
367.00	1.4107645
367.20	1.4012775
367.40	1.391192
367.60	1.3851245
367.80	1.3830815
368.00	1.3823775
368.20	1.382873
368.40	1.385543
368.60	1.3889365
368.80	1.391
369.00	1.3922895
369.20	1.3951085
369.40	1.3996885
369.60	1.4013095
369.80	1.3982315
370.00	1.393491
370.20	1.389664
370.40	1.3849575
370.60	1.3785175
370.80	1.37429
371.00	1.3728275
371.20	1.37161
371.40	1.3729415
371.60	1.3790805
371.80	1.3893165
372.00	1.4012665
372.20	1.413572
372.40	1.4270275
372.60	1.4407545
372.80	1.4555275
373.00	1.4723885
373.20	1.490089
373.40	1.508298
373.60	1.525708
373.80	1.539582
374.00	1.5509595
374.20	1.5599315
374.40	1.566177
374.60	1.5696455
374.80	1.570254
375.00	1.570382
375.20	1.5707655
375.40	1.571607
375.60	1.5743825
375.80	1.580306
376.00	1.586931
376.20	1.592503
376.40	1.598104
376.60	1.604243
376.80	1.6099455
377.00	1.6139665
377.20	1.617208
377.40	1.6210355
377.60	1.62435
377.80	1.6265
378.00	1.6301375
378.20	1.636424
378.40	1.644218
378.60	1.65253
378.80	1.6610885
379.00	1.671485
379.20	1.682119
379.40	1.69157
379.60	1.70103
379.80	1.708945
380.00	1.7138285
380.20	1.7145805
380.40	1.7141685
380.60	1.715767
380.80	1.719263
381.00	1.7251565
381.20	1.73383
381.40	1.7443095
381.60	1.754817
381.80	1.7650425
382.00	1.775195
382.20	1.7838725
382.40	1.7896315
382.60	1.7913245
382.80	1.7881055
383.00	1.781694
383.20	1.7740785
383.40	1.765904
383.60	1.758812
383.80	1.7520155
384.00	1.7460055
384.20	1.741571
384.40	1.7385695
384.60	1.7378445
384.80	1.73926
385.00	1.741898
385.20	1.743233
385.40	1.7414975
385.60	1.739403
385.80	1.738269
386.00	1.734927
386.20	1.7267945
386.40	1.712941
386.60	1.6960765
386.80	1.678053
387.00	1.65821
387.20	1.6385815
387.40	1.6213735
387.60	1.60583
387.80	1.591236
388.00	1.577459
388.20	1.5666135
388.40	1.559583
388.60	1.5533485
388.80	1.546454
389.00	1.539548
389.20	1.53441
389.40	1.5298945
389.60	1.5253535
389.80	1.5220505
390.00	1.521489
390.20	1.521997
390.40	1.520808
390.60	1.5210185
390.80	1.523729
391.00	1.5274005
391.20	1.5318545
391.40	1.5358885
391.60	1.539756
391.80	1.5429025
392.00	1.544642
392.20	1.5482125
392.40	1.5544165
392.60	1.561061
392.80	1.565659
393.00	1.568847
393.20	1.5718715
393.40	1.5739395
393.60	1.574725
393.80	1.577408
394.00	1.5824905
394.20	1.58842
394.40	1.59591
394.60	1.6062855
394.80	1.620388
395.00	1.6372655
395.20	1.655718
395.40	1.67454
395.60	1.692903
395.80	1.7099415
396.00	1.7262425
396.20	1.7429235
396.40	1.7609695
396.60	1.780141
396.80	1.7979225
397.00	1.8150895
397.20	1.834626
397.40	1.856925
397.60	1.881975
397.80	1.9066135
398.00	1.9292365
398.20	1.950031
398.40	1.965329
398.60	1.9754375
398.80	1.982287
399.00	1.984746
399.20	1.9816315
399.40	1.9760885
399.60	1.9712835
399.80	1.9666335
400.00	1.9626755
400.20	1.9609785
400.40	1.963057
400.60	1.966525
400.80	1.968116
401.00	1.968242
401.20	1.968211
401.40	1.967972
401.60	1.9657765
401.80	1.9609935
402.00	1.9549175
402.20	1.9471895
402.40	1.9385205
402.60	1.9312015
402.80	1.9259045
403.00	1.921812
403.20	1.9174975
403.40	1.912912
403.60	1.910807
403.80	1.913424
404.00	1.9183595
404.20	1.922178
404.40	1.9247135
404.60	1.9271755
404.80	1.929992
405.00	1.932173
405.20	1.9339615
405.40	1.9378935
405.60	1.9436545
405.80	1.9476855
406.00	1.950852
406.20	1.955396
406.40	1.958617
406.60	1.959544
406.80	1.959129
407.00	1.956395
407.20	1.953168
407.40	1.9491125
407.60	1.9423835
407.80	1.9351855
408.00	1.92785
408.20	1.919992
408.40	1.912729
408.60	1.908282
408.80	1.9074075
409.00	1.906866
409.20	1.906558
409.40	1.907837
409.60	1.909675
409.80	1.9105175
410.00	1.909508
410.20	1.9077065
410.40	1.905162
410.60	1.8993695
410.80	1.8885155
411.00	1.8750595
411.20	1.8619515
411.40	1.847518
411.60	1.8302765
411.80	1.8132685
412.00	1.7996425
412.20	1.7884325
412.40	1.7770535
412.60	1.766874
412.80	1.7593425
413.00	1.7535235
413.20	1.748032
413.40	1.742336
413.60	1.7381445
413.80	1.7349955
414.00	1.731099
414.20	1.727762
414.40	1.724303
414.60	1.718801
414.80	1.7102235
415.00	1.6978695
415.20	1.682582
415.40	1.665866
415.60	1.6481835
415.80	1.632166
416.00	1.6213265
416.20	1.614641
416.40	1.610921
416.60	1.6092665
416.80	1.6105345
417.00	1.6140325
417.20	1.6163365
417.40	1.617753
417.60	1.619575
417.80	1.6207545
418.00	1.618974
418.20	1.6154365
418.40	1.613297
418.60	1.6113675
418.80	1.606529
419.00	1.6009055
419.20	1.5975345
419.40	1.595652
419.60	1.5930955
419.80	1.590298
420.00	1.5899495
420.20	1.590966
420.40	1.590177
420.60	1.5883225
420.80	1.5897255
421.00	1.594082
421.20	1.5965035
421.40	1.597581
421.60	1.6021975
421.80	1.6107085
422.00	1.6187775
422.20	1.624498
422.40	1.6314695
422.60	1.639931
422.80	1.644309
423.00	1.645108
423.20	1.648366
423.40	1.6551325
423.60	1.6617935
423.80	1.667101
424.00	1.6751815
424.20	1.686898
424.40	1.6979405
424.60	1.7089345
424.80	1.722014
425.00	1.736678
425.20	1.75085
425.40	1.7623675
425.60	1.773608
425.80	1.786667
426.00	1.799294
426.20	1.8080725
426.40	1.8139515
426.60	1.819721
426.80	1.824824
427.00	1.8274505
427.20	1.8301065
427.40	1.8356265
427.60	1.8441725
427.80	1.8532025
428.00	1.861907
428.20	1.8739655
428.40	1.888543
428.60	1.901985
428.80	1.9132125
429.00	1.9237035
429.20	1.933557
429.40	1.9407355
429.60	1.945923
429.80	1.9523495
430.00	1.9610595
430.20	1.9696755
430.40	1.9768325
430.60	1.9828405
430.80	1.987709
431.00	1.991168
431.20	1.992644
431.40	1.99414
431.60	1.9969115
431.80	1.9998015
432.00	2.000801
432.20	2.001029
432.40	2.0037115
432.60	2.009967
432.80	2.018035
433.00	2.0254785
433.20	2.0328435
433.40	2.041717
433.60	2.0508015
433.80	2.059225
434.00	2.0678495
434.20	2.075715
434.40	2.080517
434.60	2.082199
434.80	2.082972
435.00	2.0839725
435.20	2.0861075
435.40	2.0874805
435.60	2.086656
435.80	2.0847355
436.00	2.082456
436.20	2.079237
436.40	2.0758825
436.60	2.0750835
436.80	2.076243
437.00	2.077689
437.20	2.080485
437.40	2.0856335
437.60	2.093631
437.80	2.1045985
438.00	2.1170585
438.20	2.130425
438.40	2.145616
438.60	2.162773
438.80	2.1789135
439.00	2.1918525
439.20	2.203586
439.40	2.2142935
439.60	2.220792
439.80	2.2226925
440.00	2.225831
440.20	2.232372
440.40	2.2397155
440.60	2.2472795
440.80	2.256376
441.00	2.2691035
441.20	2.283753
441.40	2.297872
441.60	2.311603
441.80	2.3259225
442.00	2.3388605
442.20	2.347584
442.40	2.355479
442.60	2.3658545
442.80	2.377016
443.00	2.387175
443.20	2.397909
443.40	2.4124775
443.60	2.431104
443.80	2.451742
444.00	2.474058
444.20	2.4978605
444.40	2.522903
444.60	2.5468725
444.80	2.569995
445.00	2.595402
445.20	2.622729
445.40	2.6516605
445.60	2.6825415
445.80	2.7155695
446.00	2.7495025
446.20	2.78277
446.40	2.8140905
446.60	2.8430835
446.80	2.87132
447.00	2.897238
447.20	2.9179605
447.40	2.9350775
447.60	2.9516475
447.80	2.9665925
448.00	2.9786145
448.20	2.99035
448.40	3.0041425
448.60	3.018304
448.80	3.030583
449.00	3.042889
449.20	3.057099
449.40	3.0716395
449.60	3.0848015
449.80	3.0978035
450.00	3.1108325
450.20	3.1205575
450.40	3.1241655
450.60	3.1239945
450.80	3.1211605
451.00	3.114229
451.20	3.1014045
451.40	3.081666
451.60	3.057778
451.80	3.033254
452.00	3.008076
452.20	2.983359
452.40	2.963839
452.60	2.9498945
452.80	2.9378725
453.00	2.9260375
453.20	2.91491
453.40	2.904621
453.60	2.89366
453.80	2.878959
454.00	2.863332
454.20	2.849448
454.40	2.836227
454.60	2.8261095
454.80	2.821017
455.00	2.8212415
455.20	2.82612
455.40	2.8335395
455.60	2.84104
455.80	2.850118
456.00	2.86257
456.20	2.8760865
456.40	2.889746
456.60	2.9034545
456.80	2.91735
457.00	2.9325325
457.20	2.9486595
457.40	2.965685
457.60	2.983229
457.80	3.0011275
458.00	3.0212085
458.20	3.0412565
458.40	3.060545
458.60	3.082803
458.80	3.1076815
459.00	3.1315285
459.20	3.156151
459.40	3.184772
459.60	3.214552
459.80	3.2424115
460.00	3.2694505
460.20	3.297451
460.40	3.326115
460.60	3.3527325
460.80	3.376572
461.00	3.402496
461.20	3.431746
461.40	3.46095
461.60	3.489994
461.80	3.5206145
462.00	3.5539835
462.20	3.5883575
462.40	3.620498
462.60	3.6498255
462.80	3.6771565
463.00	3.7001405
463.20	3.716455
463.40	3.729426
463.60	3.7428335
463.80	3.754872
464.00	3.7628815
464.20	3.7692065
464.40	3.7769645
464.60	3.786265
464.80	3.7954805
465.00	3.804554
465.20	3.8168135
465.40	3.8321475
465.60	3.84652
465.80	3.859541
466.00	3.8731285
466.20	3.887338
466.40	3.8975805
466.60	3.9027085
466.80	3.906905
467.00	3.910023
467.20	3.911027
467.40	3.911621
467.60	3.9134655
467.80	3.9175005
468.00	3.9225775
468.20	3.927102
468.40	3.9324835
468.60	3.9410305
468.80	3.9517265
469.00	3.9607085
469.20	3.9693865
469.40	3.980591
469.60	3.99306
469.80	4.005306
470.00	4.0162165
470.20	4.025878
470.40	4.0355235
470.60	4.044323
470.80	4.049359
471.00	4.052325
471.20	4.05563
471.40	4.056087
471.60	4.054026
471.80	4.0530645
472.00	4.0538775
472.20	4.055341
472.40	4.05578
472.60	4.055795
472.80	4.0565365
473.00	4.057571
473.20	4.0569475
473.40	4.0563835
473.60	4.058407
473.80	4.06055
474.00	4.0602775
474.20	4.058403
474.40	4.0552435
474.60	4.048404
474.80	4.036863
475.00	4.02053
475.20	3.9988335
475.40	3.9713745
475.60	3.9349795
475.80	3.8897265
476.00	3.838944
476.20	3.7859815
476.40	3.7357195
476.60	3.6931715
476.80	3.6645175
477.00	3.652856
477.20	3.6552435
477.40	3.6664335
477.60	3.680156
477.80	3.6913985
478.00	3.698372
478.20	3.700147
478.40	3.6968475
478.60	3.6927975
478.80	3.690831
479.00	3.690157
479.20	3.6906505
479.40	3.692342
479.60	3.696415
479.80	3.7021155
480.00	3.7045765
480.20	3.7038525
480.40	3.704345
480.60	3.7056595
480.80	3.708285
481.00	3.7140005
481.20	3.7224865
481.40	3.7333325
481.60	3.745819
481.80	3.7592425
482.00	3.776
482.20	3.7956755
482.40	3.814368
482.60	3.8319595
482.80	3.8500505
483.00	3.8691185
483.20	3.886818
483.40	3.901877
483.60	3.918156
483.80	3.93565
484.00	3.95223
484.20	3.967802
484.40	3.9838415
484.60	4.0009585
484.80	4.0168865
485.00	4.0307795
485.20	4.046351
485.40	4.066401
485.60	4.0889195
485.80	4.113151
486.00	4.1401825
486.20	4.1707475
486.40	4.203659
486.60	4.236064
486.80	4.265882
487.00	4.2926325
487.20	4.315369
487.40	4.331552
487.60	4.3428895
487.80	4.353322
488.00	4.36141
488.20	4.3673225
488.40	4.372849
488.60	4.3791685
488.80	4.387854
489.00	4.3979515
489.20	4.4089615
489.40	4.423469
489.60	4.4416655
489.80	4.4600575
490.00	4.4781475
490.20	4.4960855
490.40	4.512302
490.60	4.5262985
490.80	4.536861
491.00	4.542912
491.20	4.54684
491.40	4.5500585
491.60	4.551693
491.80	4.552663
492.00	4.554143
492.20	4.556778
492.40	4.561763
492.60	4.57035
492.80	4.582695
493.00	4.5972295
493.20	4.612318
493.40	4.6277225
493.60	4.6439925
493.80	4.660466
494.00	4.675923
494.20	4.6907335
494.40	4.706404
494.60	4.7236505
494.80	4.741353
495.00	4.7588655
495.20	4.777386
495.40	4.797615
495.60	4.8172765
495.80	4.8335255
496.00	4.8465165
496.20	4.8604845
496.40	4.8771415
496.60	4.894275
496.80	4.9126655
497.00	4.9323575
497.20	4.9530095
497.40	4.97578
497.60	4.99946
497.80	5.0233965
498.00	5.0486
498.20	5.0738065
498.40	5.097441
498.60	5.120629
498.80	5.1441525
499.00	5.167183
499.20	5.1898595
499.40	5.213418
499.60	5.2394525
499.80	5.268676
500.00	5.301401
500.20	5.3349375
500.40	5.3666685
500.60	5.3972125
500.80	5.427125
501.00	5.4539795
501.20	5.4777295
501.40	5.5018055
501.60	5.5271235
501.80	5.5537775
502.00	5.581622
502.20	5.6136075
502.40	5.649868
502.60	5.687382
502.80	5.724756
503.00	5.762603
503.20	5.7990085
503.40	5.82919
503.60	5.8532845
503.80	5.8718675
504.00	5.883816
504.20	5.887712
504.40	5.886256
504.60	5.8855125
504.80	5.8866745
505.00	5.887177
505.20	5.8890635
505.40	5.897427
505.60	5.9123885
505.80	5.929626
506.00	5.9480665
506.20	5.970473
506.40	5.9956525
506.60	6.0174895
506.80	6.0351535
507.00	6.0512635
507.20	6.065279
507.40	6.072449
507.60	6.070503
507.80	6.0633355
508.00	6.0537405
508.20	6.0411685
508.40	6.024608
508.60	6.007966
508.80	5.9945565
509.00	5.98201
509.20	5.96894
509.40	5.96019
509.60	5.957564
509.80	5.956073
510.00	5.954387
510.20	5.9556335
510.40	5.961078
510.60	5.9682305
510.80	5.9736215
511.00	5.978318
511.20	5.9821925
511.40	5.983608
511.60	5.983614
511.80	5.983577
512.00	5.98331
512.20	5.9805155
512.40	5.974005
512.60	5.9666585
512.80	5.960821
513.00	5.9568335
513.20	5.953622
513.40	5.9516695
513.60	5.952596
513.80	5.954945
514.00	5.956687
514.20	5.9590515
514.40	5.96304
514.60	5.9667735
514.80	5.9674725
515.00	5.9649525
515.20	5.962079
515.40	5.9597125
515.60	5.9570655
515.80	5.9542065
516.00	5.9529945
516.20	5.954105
516.40	5.9551365
516.60	5.9550115
516.80	5.9571505
517.00	5.961588
517.20	5.964447
517.40	5.9645995
517.60	5.964365
517.80	5.9664175
518.00	5.971431
518.20	5.9779135
518.40	5.9863075
518.60	5.996675
518.80	6.0065755
519.00	6.0177685
519.20	6.03278
519.40	6.0499645
519.60	6.066465
519.80	6.0810445
520.00	6.0937465
520.20	6.10452
520.40	6.1136445
520.60	6.122187
520.80	6.130143
521.00	6.1379745
521.20	6.1454095
521.40	6.152901
521.60	6.1620555
521.80	6.174099
522.00	6.1885625
522.20	6.20399
522.40	6.21866
522.60	6.2320965
522.80	6.245868
523.00	6.2603715
523.20	6.276808
523.40	6.292921
523.60	6.3047225
523.80	6.312766
524.00	6.320123
524.20	6.328013
524.40	6.3371755
524.60	6.350035
524.80	6.367098
525.00	6.385287
525.20	6.4024385
525.40	6.4198025
525.60	6.4386235
525.80	6.457996
526.00	6.4771745
526.20	6.495979
526.40	6.5148935
526.60	6.533181
526.80	6.5491735
527.00	6.564567
527.20	6.580206
527.40	6.594678
527.60	6.607994
527.80	6.6194225
528.00	6.627794
528.20	6.633385
528.40	6.6374865
528.60	6.640676
528.80	6.644678
529.00	6.648686
529.20	6.651146
529.40	6.6538375
529.60	6.658516
529.80	6.666071
530.00	6.6737445
530.20	6.6793275
530.40	6.6829755
530.60	6.683809
530.80	6.6795495
531.00	6.6695195
531.20	6.6538865
531.40	6.6350485
531.60	6.6177045
531.80	6.6047465
532.00	6.6001085
532.20	6.6066785
532.40	6.622314
532.60	6.641903
532.80	6.660708
533.00	6.677645
533.20	6.691346
533.40	6.7004505
533.60	6.70575
533.80	6.710497
534.00	6.7160005
534.20	6.719939
534.40	6.723533
534.60	6.7299975
534.80	6.739838
535.00	6.751572
535.20	6.7619555
535.40	6.7696335
535.60	6.776925
535.80	6.7841575
536.00	6.79045
536.20	6.795299
536.40	6.7982185
536.60	6.798214
536.80	6.7954915
537.00	6.794271
537.20	6.796116
537.40	6.799268
537.60	6.8022975
537.80	6.803807
538.00	6.8071145
538.20	6.813578
538.40	6.8207225
538.60	6.8287565
538.80	6.838337
539.00	6.8477435
539.20	6.8547555
539.40	6.861697
539.60	6.872172
539.80	6.885971
540.00	6.9003555
540.20	6.915129
540.40	6.930343
540.60	6.9464145
540.80	6.963186
541.00	6.9807565
541.20	6.9993905
541.40	7.0150965
541.60	7.0271905
541.80	7.0390845
542.00	7.053389
542.20	7.070943
542.40	7.089204
542.60	7.1084025
542.80	7.129935
543.00	7.1521515
543.20	7.174214
543.40	7.196235
543.60	7.2177325
543.80	7.2352645
544.00	7.2466855
544.20	7.254332
544.40	7.259325
544.60	7.261839
544.80	7.2625675
545.00	7.2618735
545.20	7.260992
545.40	7.2611445
545.60	7.2645365
545.80	7.2727465
546.00	7.28356
546.20	7.293495
546.40	7.3004915
546.60	7.304226
546.80	7.3063595
547.00	7.3064185
547.20	7.302399
547.40	7.2939885
547.60	7.282487
547.80	7.268571
548.00	7.253644
548.20	7.239044
548.40	7.2245005
548.60	7.212217
548.80	7.2011325
549.00	7.1892235
549.20	7.178345
549.40	7.1679015
549.60	7.1602005
549.80	7.154469
550.00	7.14702
550.20	7.137822
550.40	7.1274905
550.60	7.1186865
550.80	7.1106995
551.00	7.1017675
551.20	7.0937695
551.40	7.087379
551.60	7.0804
551.80	7.0742965
552.00	7.0717275
552.20	7.0711705
552.40	7.0713445
552.60	7.074311
552.80	7.0807655
553.00	7.0902695
553.20	7.0995245
553.40	7.1063875
553.60	7.1133255
553.80	7.1196865
554.00	7.1246845
554.20	7.1294235
554.40	7.1345945
554.60	7.139033
554.80	7.1417655
555.00	7.144426
555.20	7.1488625
555.40	7.1538705
555.60	7.1567515
555.80	7.159163
556.00	7.163141
556.20	7.168014
556.40	7.1730415
556.60	7.177722
556.80	7.183169
557.00	7.1883715
557.20	7.190921
557.40	7.1924935
557.60	7.194509
557.80	7.195686
558.00	7.1951855
558.20	7.1925175
558.40	7.189381
558.60	7.1874315
558.80	7.1866895
559.00	7.1876405
559.20	7.1911295
559.40	7.1960055
559.60	7.2009775
559.80	7.207237
560.00	7.2154425
560.20	7.2251225
560.40	7.2336815
560.60	7.2387295
560.80	7.241218
561.00	7.24236
561.20	7.243539
561.40	7.2454915
561.60	7.2482
561.80	7.251118
562.00	7.253272
562.20	7.2553905
562.40	7.259769
562.60	7.266938
562.80	7.275672
563.00	7.284886
563.20	7.2934745
563.40	7.3011975
563.60	7.3065195
563.80	7.3114495
564.00	7.319148
564.20	7.329366
564.40	7.3394175
564.60	7.3499185
564.80	7.3634565
565.00	7.380341
565.20	7.4001385
565.40	7.419449
565.60	7.438629
565.80	7.458206
566.00	7.476243
566.20	7.4938815
566.40	7.5128805
566.60	7.533353
566.80	7.5534275
567.00	7.5727205
567.20	7.5915325
567.40	7.6104485
567.60	7.6289165
567.80	7.6438545
568.00	7.653953
568.20	7.659468
568.40	7.6605395
568.60	7.657792
568.80	7.6533205
569.00	7.6486395
569.20	7.6417745
569.40	7.632779
569.60	7.623877
569.80	7.6167585
570.00	7.6124005
570.20	7.6082625
570.40	7.6035205
570.60	7.598155
570.80	7.589935
571.00	7.578693
571.20	7.567099
571.40	7.5558895
571.60	7.544323
571.80	7.5331865
572.00	7.5223605
572.20	7.5131385
572.40	7.5066645
572.60	7.5034625
572.80	7.503858
573.00	7.50627
573.20	7.5101005
573.40	7.5160995
573.60	7.523839
573.80	7.5311115
574.00	7.535209
574.20	7.532496
574.40	7.5195545
574.60	7.493298
574.80	7.4540435
575.00	7.4063705
575.20	7.3566805
575.40	7.312614
575.60	7.284812
575.80	7.28385
576.00	7.3114295
576.20	7.3596895
576.40	7.418363
576.60	7.4774565
576.80	7.5272125
577.00	7.561196
577.20	7.58126
577.40	7.592622
577.60	7.598282
577.80	7.600487
578.00	7.600673
578.20	7.6020025
578.40	7.6061125
578.60	7.610142
578.80	7.6133025
579.00	7.615171
579.20	7.615942
579.40	7.6160815
579.60	7.613981
579.80	7.6108025
580.00	7.6054155
580.20	7.594395
580.40	7.5771495
580.60	7.557212
580.80	7.537875
581.00	7.5176175
581.20	7.4950495
581.40	7.4725235
581.60	7.452027
581.80	7.432793
582.00	7.415269
582.20	7.400893
582.40	7.390705
582.60	7.382689
582.80	7.3733815
583.00	7.363202
583.20	7.354843
583.40	7.349242
583.60	7.3429105
583.80	7.3325275
584.00	7.3197285
584.20	7.307257
584.40	7.294428
584.60	7.2825645
584.80	7.2736105
585.00	7.2649585
585.20	7.255095
585.40	7.246069
585.60	7.2401545
585.80	7.237981
586.00	7.2388075
586.20	7.2417125
586.40	7.2464955
586.60	7.2528275
586.80	7.2606695
587.00	7.269577
587.20	7.2787655
587.40	7.285667
587.60	7.286699
587.80	7.2820135
588.00	7.2725735
588.20	7.2560495
588.40	7.2267295
588.60	7.182492
588.80	7.1259275
589.00	7.060639
589.20	6.9929015
589.40	6.928807
589.60	6.87506
589.80	6.839173
590.00	6.822778
590.20	6.8219115
590.40	6.83398
590.60	6.8576805
590.80	6.888766
591.00	6.920074
591.20	6.944777
591.40	6.9590735
591.60	6.958926
591.80	6.9401095
592.00	6.9055205
592.20	6.8634845
592.40	6.8218165
592.60	6.7872625
592.80	6.7656905
593.00	6.7628765
593.20	6.7808995
593.40	6.813153
593.60	6.851468
593.80	6.890234
594.00	6.9255235
594.20	6.953517
594.40	6.972759
594.60	6.9879275
594.80	7.001291
595.00	7.0117425
595.20	7.018691
595.40	7.023989
595.60	7.030899
595.80	7.040018
596.00	7.049416
596.20	7.0600235
596.40	7.074317
596.60	7.0899725
596.80	7.1056625
597.00	7.1220425
597.20	7.1403995
597.40	7.1599405
597.60	7.1772455
597.80	7.192026
598.00	7.205973
598.20	7.220754
598.40	7.2356545
598.60	7.2507365
598.80	7.2695845
599.00	7.291611
599.20	7.3129525
599.40	7.3347025
599.60	7.358973
599.80	7.384853
600.00	7.408519
600.20	7.427027
600.40	7.4410915
600.60	7.450868
600.80	7.4557305
601.00	7.4544455
601.20	7.448744
601.40	7.4426495
601.60	7.435794
601.80	7.426232
602.00	7.4160135
602.20	7.408376
602.40	7.402487
602.60	7.396703
602.80	7.391537
603.00	7.3875405
603.20	7.384515
603.40	7.3804805
603.60	7.376792
603.80	7.3750955
604.00	7.373774
604.20	7.3722625
604.40	7.370133
604.60	7.3691555
604.80	7.3706355
605.00	7.3721735
605.20	7.3738085
605.40	7.3780385
605.60	7.3820815
605.80	7.384594
606.00	7.388487
606.20	7.3943855
606.40	7.401041
606.60	7.406904
606.80	7.410843
607.00	7.413887
607.20	7.41645
607.40	7.4200055
607.60	7.425674
607.80	7.432918
608.00	7.439937
608.20	7.4440565
608.40	7.4466335
608.60	7.449638
608.80	7.4532245
609.00	7.4553355
609.20	7.453847
609.40	7.4496965
609.60	7.4415295
609.80	7.4300635
610.00	7.419627
610.20	7.410961
610.40	7.4032135
610.60	7.396181
610.80	7.3906915
611.00	7.386699
611.20	7.384804
611.40	7.3848475
611.60	7.384143
611.80	7.3817305
612.00	7.376925
612.20	7.3692315
612.40	7.361072
612.60	7.354594
612.80	7.3499935
613.00	7.3454865
613.20	7.340259
613.40	7.3357585
613.60	7.333057
613.80	7.3328395
614.00	7.334158
614.20	7.333615
614.40	7.3299685
614.60	7.323817
614.80	7.314857
615.00	7.304539
615.20	7.2933525
615.40	7.2824995
615.60	7.274868
615.80	7.2723285
616.00	7.2767495
616.20	7.2911055
616.40	7.3132605
616.60	7.3374685
616.80	7.357399
617.00	7.3691345
617.20	7.37586
617.40	7.3795925
617.60	7.3813645
617.80	7.3835325
618.00	7.3872955
618.20	7.3906305
618.40	7.392108
618.60	7.394111
618.80	7.3986605
619.00	7.4060685
619.20	7.4148745
619.40	7.423669
619.60	7.432699
619.80	7.440907
620.00	7.4459945
620.20	7.44671
620.40	7.44152
620.60	7.430176
620.80	7.412706
621.00	7.3895925
621.20	7.364491
621.40	7.339996
621.60	7.316319
621.80	7.292986
622.00	7.2706365
622.20	7.250924
622.40	7.2357175
622.60	7.2240765
622.80	7.2131225
623.00	7.201384
623.20	7.187921
623.40	7.1722115
623.60	7.1551315
623.80	7.13868
624.00	7.124647
624.20	7.1121315
624.40	7.1001595
624.60	7.0910725
624.80	7.0851895
625.00	7.081374
625.20	7.0797045
625.40	7.0787155
625.60	7.077567
625.80	7.0760665
626.00	7.074722
626.20	7.075079
626.40	7.07799
626.60	7.0810385
626.80	7.0824355
627.00	7.0845195
627.20	7.089095
627.40	7.0958235
627.60	7.103185
627.80	7.111614
628.00	7.118186
628.20	7.116211
628.40	7.101999
628.60	7.0770205
628.80	7.0484745
629.00	7.0258365
629.20	7.0185
629.40	7.035237
629.60	7.080353
629.80	7.1513395
630.00	7.237758
630.20	7.327441
630.40	7.410815
630.60	7.4806645
630.80	7.537331
631.00	7.584385
631.20	7.6286275
631.40	7.6753785
631.60	7.724007
631.80	7.773493
632.00	7.822697
632.20	7.872393
632.40	7.919894
632.60	7.9601185
632.80	7.9934745
633.00	8.0190425
633.20	8.033301
633.40	8.036818
633.60	8.0334465
633.80	8.023136
634.00	8.0013515
634.20	7.963847
634.40	7.9120275
634.60	7.853062
634.80	7.7945515
635.00	7.746341
635.20	7.7192835
635.40	7.7172585
635.60	7.7324365
635.80	7.7544435
636.00	7.775818
636.20	7.7883025
636.40	7.786246
636.60	7.7677095
636.80	7.7378745
637.00	7.705905
637.20	7.6758805
637.40	7.6489845
637.60	7.625601
637.80	7.60524
638.00	7.58453
638.20	7.5586745
638.40	7.5281945
638.60	7.498925
638.80	7.4752245
639.00	7.460767
639.20	7.4638045
639.40	7.491045
639.60	7.540951
639.80	7.606167
640.00	7.677223
640.20	7.741943
640.40	7.7908875
640.60	7.8144705
640.80	7.808506
641.00	7.779958
641.20	7.735824
641.40	7.6817935
641.60	7.6257325
641.80	7.57859
642.00	7.550028
642.20	7.54408
642.40	7.5598795
642.60	7.593576
642.80	7.6359635
643.00	7.6746295
643.20	7.7006705
643.40	7.710084
643.60	7.701623
643.80	7.6779565
644.00	7.646261
644.20	7.6143845
644.40	7.5865475
644.60	7.5625295
644.80	7.5405545
645.00	7.5190935
645.20	7.4978885
645.40	7.4773035
645.60	7.459166
645.80	7.447747
646.00	7.44617
646.20	7.456313
646.40	7.47835
646.60	7.505845
646.80	7.52954
647.00	7.5470555
647.20	7.555395
647.40	7.5515225
647.60	7.538047
647.80	7.5194045
648.00	7.503307
648.20	7.4941595
648.40	7.494466
648.60	7.50995
648.80	7.5395475
649.00	7.5771465
649.20	7.6184305
649.40	7.661981
649.60	7.706869
649.80	7.74692
650.00	7.7768815
650.20	7.796395
650.40	7.8039385
650.60	7.797383
650.80	7.7788615
651.00	7.7537075
651.20	7.72692
651.40	7.701332
651.60	7.681706
651.80	7.6727805
652.00	7.6721715
652.20	7.67209
652.40	7.666338
652.60	7.654679
652.80	7.6391135
653.00	7.622587
653.20	7.6108025
653.40	7.6069325
653.60	7.60995
653.80	7.613538
654.00	7.610463
654.20	7.601068
654.40	7.590216
654.60	7.5804335
654.80	7.572057
655.00	7.566848
655.20	7.565654
655.40	7.566828
655.60	7.5671295
655.80	7.5650335
656.00	7.5629055
656.20	7.5601935
656.40	7.5565625
656.60	7.557232
656.80	7.5645925
657.00	7.5748435
657.20	7.5835155
657.40	7.588343
657.60	7.58845
657.80	7.583617
658.00	7.5748065
658.20	7.5663335
658.40	7.5618925
658.60	7.56139
658.80	7.562652
659.00	7.56551
659.20	7.5704155
659.40	7.573425
659.60	7.57035
659.80	7.563577
660.00	7.5583555
660.20	7.5549855
660.40	7.5498325
660.60	7.54379
660.80	7.540222
661.00	7.5372985
661.20	7.53058
661.40	7.518347
661.60	7.5025285
661.80	7.486274
662.00	7.469615
662.20	7.4529905
662.40	7.4401445
662.60	7.4314155
662.80	7.4251515
663.00	7.420984
663.20	7.421609
663.40	7.4282045
663.60	7.435873
663.80	7.443254
664.00	7.453012
664.20	7.463287
664.40	7.471436
664.60	7.4760415
664.80	7.479844
665.00	7.486898
665.20	7.493475
665.40	7.495616
665.60	7.4948325
665.80	7.493605
666.00	7.4908285
666.20	7.4827625
666.40	7.4696105
666.60	7.455028
666.80	7.4399475
667.00	7.424189
667.20	7.408501
667.40	7.3967725
667.60	7.390152
667.80	7.384167
668.00	7.3783275
668.20	7.375109
668.40	7.372601
668.60	7.365781
668.80	7.353648
669.00	7.341922
669.20	7.3322645
669.40	7.3191955
669.60	7.30311
669.80	7.2887385
670.00	7.2773075
670.20	7.2651785
670.40	7.2526655
670.60	7.2463905
670.80	7.246157
671.00	7.2455065
671.20	7.2426965
671.40	7.2413955
671.60	7.2428515
671.80	7.241959
672.00	7.236638
672.20	7.2321765
672.40	7.232543
672.60	7.235322
672.80	7.238792
673.00	7.245451
673.20	7.2551105
673.40	7.263648
673.60	7.267733
673.80	7.26998
674.00	7.2748075
674.20	7.280105
674.40	7.2830815
674.60	7.287724
674.80	7.2977015
675.00	7.308797
675.20	7.3143355
675.40	7.3167075
675.60	7.322539
675.80	7.329221
676.00	7.3327375
676.20	7.334838
676.40	7.338405
676.60	7.3408835
676.80	7.3360855
677.00	7.325002
677.20	7.3126505
677.40	7.299205
677.60	7.2842455
677.80	7.2726265
678.00	7.270627
678.20	7.2772795
678.40	7.285072
678.60	7.29118
678.80	7.2958985
679.00	7.2962785
679.20	7.2867575
679.40	7.265837
679.60	7.236357
679.80	7.1997845
680.00	7.1572865
680.20	7.1130785
680.40	7.0778605
680.60	7.0571065
680.80	7.0476905
681.00	7.046806
681.20	7.054006
681.40	7.0654695
681.60	7.073708
681.80	7.0771265
682.00	7.0783145
682.20	7.0782455
682.40	7.073955
682.60	7.0622555
682.80	7.046729
683.00	7.030695
683.20	7.012095
683.40	6.9913335
683.60	6.9722985
683.80	6.960057
684.00	6.9560195
684.20	6.9567595
684.40	6.9632535
684.60	6.977297
684.80	6.9953145
685.00	7.0135125
685.20	7.0321725
685.40	7.053717
685.60	7.078878
685.80	7.1054655
686.00	7.131961
686.20	7.1602455
686.40	7.190635
686.60	7.220427
686.80	7.2489025
687.00	7.279903
687.20	7.3125485
687.40	7.342361
687.60	7.367547
687.80	7.390789
688.00	7.4160975
688.20	7.442388
688.40	7.469408
688.60	7.4991805
688.80	7.5304785
689.00	7.5589895
689.20	7.5840945
689.40	7.6077155
689.60	7.6294495
689.80	7.6461355
690.00	7.6560385
690.20	7.660805
690.40	7.663739
690.60	7.6659515
690.80	7.66615
691.00	7.6643215
691.20	7.6621365
691.40	7.6602455
691.60	7.6579695
691.80	7.6579425
692.00	7.6624595
692.20	7.6683275
692.40	7.6704495
692.60	7.667476
692.80	7.6603215
693.00	7.6493235
693.20	7.635262
693.40	7.6205605
693.60	7.606536
693.80	7.5916925
694.00	7.5736295
694.20	7.5530945
694.40	7.534251
694.60	7.5188575
694.80	7.506158
695.00	7.4961125
695.20	7.487694
695.40	7.4795595
695.60	7.4720535
695.80	7.464771
696.00	7.457879
696.20	7.4523405
696.40	7.446673
696.60	7.44085
696.80	7.438666
697.00	7.441962
697.20	7.446668
697.40	7.4481025
697.60	7.444891
697.80	7.435627
698.00	7.4191075
698.20	7.3981665
698.40	7.3776795
698.60	7.3596755
698.80	7.3434715
699.00	7.328284
699.20	7.3159055
699.40	7.3078215
699.60	7.302815
699.80	7.299917
700.00	7.299007
700.20	7.298978
700.40	7.297673
700.60	7.295647
700.80	7.294286
701.00	7.29182
701.20	7.284611
701.40	7.270693
701.60	7.2522035
701.80	7.230492
702.00	7.2053595
702.20	7.1791915
702.40	7.1533645
702.60	7.1271475
702.80	7.0999445
703.00	7.074103
703.20	7.051825
703.40	7.0324535
703.60	7.0140645
703.80	6.995858
704.00	6.9800535
704.20	6.966423
704.40	6.9528125
704.60	6.941149
704.80	6.9339645
705.00	6.9284085
705.20	6.9225455
705.40	6.9186395
705.60	6.9178825
705.80	6.919087
706.00	6.9207765
706.20	6.92348
706.40	6.929339
706.60	6.9379305
706.80	6.9467875
707.00	6.9561835
707.20	6.9679495
707.40	6.9804895
707.60	6.99177
707.80	7.003099
708.00	7.016255
708.20	7.03109
708.40	7.044146
708.60	7.0544355
708.80	7.0637585
709.00	7.072222
709.20	7.0794545
709.40	7.086645
709.60	7.096594
709.80	7.108868
710.00	7.120798
710.20	7.1318925
710.40	7.144221
710.60	7.158388
710.80	7.17167
711.00	7.1829625
711.20	7.1937865
711.40	7.205042
711.60	7.215126
711.80	7.223155
712.00	7.2316565
712.20	7.241948
712.40	7.2520655
712.60	7.2625695
712.80	7.2744215
713.00	7.287548
713.20	7.3001055
713.40	7.309987
713.60	7.319356
713.80	7.3278105
714.00	7.333221
714.20	7.335854
714.40	7.3374745
714.60	7.338356
714.80	7.3369965
715.00	7.3341725
715.20	7.3313725
715.40	7.3317425
715.60	7.334823
715.80	7.3375145
716.00	7.339767
716.20	7.3436125
716.40	7.3491435
716.60	7.353574
716.80	7.356952
717.00	7.361322
717.20	7.366398
717.40	7.3716455
717.60	7.378215
717.80	7.3881425
718.00	7.4021575
718.20	7.418844
718.40	7.436522
718.60	7.454825
718.80	7.4738475
719.00	7.4914725
719.20	7.5072805
719.40	7.522922
719.60	7.5391505
719.80	7.5554245
720.00	7.572876
720.20	7.5928275
720.40	7.615686
720.60	7.6410785
720.80	7.6681185
721.00	7.6963945
721.20	7.7241315
721.40	7.750408
721.60	7.7749375
721.80	7.794663
722.00	7.808811
722.20	7.819203
722.40	7.8256525
722.60	7.8286775
722.80	7.829896
723.00	7.830135
723.20	7.8302565
723.40	7.829431
723.60	7.82855
723.80	7.829933
724.00	7.8357865
724.20	7.8471695
724.40	7.8605955
724.60	7.874365
724.80	7.887399
725.00	7.8981145
725.20	7.904921
725.40	7.9084775
725.60	7.9087945
725.80	7.901817
726.00	7.885366
726.20	7.8616325
726.40	7.8366945
726.60	7.813641
726.80	7.7915035
727.00	7.7701025
727.20	7.750897
727.40	7.733128
727.60	7.7150065
727.80	7.698166
728.00	7.6848405
728.20	7.672558
728.40	7.6566315
728.60	7.6375165
728.80	7.6204145
729.00	7.606626
729.20	7.5938
729.40	7.582226
729.60	7.5732735
729.80	7.566546
730.00	7.5605185
730.20	7.5573805
730.40	7.561154
730.60	7.5694565
730.80	7.576647
731.00	7.5817145
731.20	7.5881745
731.40	7.5981825
731.60	7.6083645
731.80	7.6172545
732.00	7.6272385
732.20	7.637902
732.40	7.6466945
732.60	7.6549185
732.80	7.667718
733.00	7.6847515
733.20	7.700329
733.40	7.713166
733.60	7.727131
733.80	7.7429995
734.00	7.758932
734.20	7.775561
734.40	7.793389
734.60	7.811316
734.80	7.8265555
735.00	7.8392945
735.20	7.853196
735.40	7.8680905
735.60	7.8807665
735.80	7.891199
736.00	7.901644
736.20	7.912678
736.40	7.9250355
736.60	7.9406605
736.80	7.959637
737.00	7.979133
737.20	7.9961905
737.40	8.0099455
737.60	8.02209
737.80	8.033531
738.00	8.042438
738.20	8.046293
738.40	8.04598
738.60	8.044753
738.80	8.0430575
739.00	8.0419755
739.20	8.043887
739.40	8.0476355
739.60	8.0506575
739.80	8.0526475
740.00	8.0557665
740.20	8.06206
740.40	8.070648
740.60	8.079114
740.80	8.086503
741.00	8.093303
741.20	8.098454
741.40	8.100657
741.60	8.1011865
741.80	8.1012165
742.00	8.098572
742.20	8.091579
742.40	8.0818725
742.60	8.0717305
742.80	8.0621705
743.00	8.053678
743.20	8.047178
743.40	8.0440105
743.60	8.043179
743.80	8.0425955
744.00	8.0411415
744.20	8.039439
744.40	8.037744
744.60	8.0341
744.80	8.028692
745.00	8.024055
745.20	8.021874
745.40	8.022014
745.60	8.0227205
745.80	8.023505
746.00	8.0249455
746.20	8.025561
746.40	8.025439
746.60	8.026476
746.80	8.02946
747.00	8.032419
747.20	8.0332055
747.40	8.0339845
747.60	8.035916
747.80	8.038361
748.00	8.042181
748.20	8.0470175
748.40	8.053502
748.60	8.060747
748.80	8.0657655
749.00	8.0695845
749.20	8.07381
749.40	8.0784035
749.60	8.082321
749.80	8.0857085
750.00	8.089045
750.20	8.0904
750.40	8.089883
750.60	8.0899875
750.80	8.0920915
751.00	8.0943455
751.20	8.093837
751.40	8.0914255
751.60	8.089677
751.80	8.0900475
752.00	8.091833
752.20	8.0934795
752.40	8.0961025
752.60	8.0987955
752.80	8.0988685
753.00	8.0972075
753.20	8.09741
753.40	8.100147
753.60	8.1033905
753.80	8.1066915
754.00	8.1110575
754.20	8.115415
754.40	8.1170275
754.60	8.1166115
754.80	8.1152775
755.00	8.111527
755.20	8.105425
755.40	8.097997
755.60	8.091649
755.80	8.0871855
756.00	8.082124
756.20	8.076509
756.40	8.071824
756.60	8.067864
756.80	8.062749
757.00	8.05521
757.20	8.04554
757.40	8.034194
757.60	8.02104
757.80	8.00449
758.00	7.983886
758.20	7.9617355
758.40	7.9399575
758.60	7.917033
758.80	7.891645
759.00	7.86644
759.20	7.843162
759.40	7.820738
759.60	7.7996355
759.80	7.7818705
760.00	7.767792
760.20	7.753558
760.40	7.7368295
760.60	7.720795
760.80	7.7063175
761.00	7.691599
761.20	7.6780955
761.40	7.668807
761.60	7.6635165
761.80	7.6589635
762.00	7.654939
762.20	7.6550195
762.40	7.6596595
762.60	7.66527
762.80	7.6691275
763.00	7.6734765
763.20	7.6809795
763.40	7.689898
763.60	7.698857
763.80	7.709699
764.00	7.7248935
764.20	7.7410385
764.40	7.7550305
764.60	7.770343
764.80	7.789606
765.00	7.809251
765.20	7.8252055
765.40	7.8389775
765.60	7.8534315
765.80	7.8677535
766.00	7.8806975
766.20	7.8968835
766.40	7.9192365
766.60	7.9439245
766.80	7.9673215
767.00	7.9919775
767.20	8.0214685
767.40	8.0516155
767.60	8.0768485
767.80	8.098867
768.00	8.121291
768.20	8.144316
768.40	8.1653455
768.60	8.186415
768.80	8.212937
769.00	8.2428635
769.20	8.271744
769.40	8.3005005
769.60	8.3339085
769.80	8.3700965
770.00	8.402049
770.20	8.429586
770.40	8.456162
770.60	8.4785465
770.80	8.492171
771.00	8.499672
771.20	8.508156
771.40	8.519299
771.60	8.527645
771.80	8.532933
772.00	8.5410945
772.20	8.554369
772.40	8.568912
772.60	8.583107
772.80	8.599211
773.00	8.6168155
773.20	8.6324475
773.40	8.644529
773.60	8.6558765
773.80	8.668357
774.00	8.679296
774.20	8.6888905
774.40	8.701386
774.60	8.7195295
774.80	8.742039
775.00	8.7675025
775.20	8.796403
775.40	8.827889
775.60	8.8590775
775.80	8.8881745
776.00	8.915807
776.20	8.941845
776.40	8.966609
776.60	8.9918035
776.80	9.019216
777.00	9.0493355
777.20	9.082358
777.40	9.117594
777.60	9.152954
777.80	9.187957
778.00	9.2211585
778.20	9.251574
778.40	9.279918
778.60	9.3062925
778.80	9.330153
779.00	9.3500635
779.20	9.3656635
779.40	9.3783265
779.60	9.389778
779.80	9.401727
780.00	9.4151745
780.20	9.429275
780.40	9.444819
780.60	9.464176
780.80	9.487215
781.00	9.5110495
781.20	9.532878
781.40	9.5535045
781.60	9.572542
781.80	9.58562
782.00	9.5931845
782.20	9.597681
782.40	9.598355
782.60	9.593579
782.80	9.58247
783.00	9.5693655
783.20	9.55888
783.40	9.5514735
783.60	9.5468085
783.80	9.5455055
784.00	9.546821
784.20	9.547434
784.40	9.5451635
784.60	9.5413495
784.80	9.5372375
785.00	9.5312925
785.20	9.5217445
785.40	9.511065
785.60	9.50428
785.80	9.5010455
786.00	9.4997865
786.20	9.5011995
786.40	9.504648
786.60	9.5083675
786.80	9.511416
787.00	9.5142895
787.20	9.5166275
787.40	9.518021
787.60	9.518341
787.80	9.516866
788.00	9.514335
788.20	9.5121925
788.40	9.5112775
788.60	9.512289
788.80	9.515355
789.00	9.5196035
789.20	9.5253005
789.40	9.5333925
789.60	9.5446175
789.80	9.5576415
790.00	9.570169
790.20	9.5813055
790.40	9.5908325
790.60	9.600006
790.80	9.6114655
791.00	9.6262275
791.20	9.6416705
791.40	9.656836
791.60	9.6726485
791.80	9.6885055
792.00	9.704007
792.20	9.721241
792.40	9.7419345
792.60	9.7635005
792.80	9.784817
793.00	9.8073985
793.20	9.8339495
793.40	9.8648495
793.60	9.895846
793.80	9.9245705
794.00	9.951816
794.20	9.9772385
794.40	9.9983575
794.60	10.0151995
794.80	10.0307365
795.00	10.044979
795.20	10.056101
795.40	10.0644725
795.60	10.07235
795.80	10.0811945
796.00	10.0886275
796.20	10.0937245
796.40	10.0994275
796.60	10.1066
796.80	10.1139505
797.00	10.12191
797.20	10.131015
797.40	10.141532
797.60	10.151214
797.80	10.1578555
798.00	10.1626095
798.20	10.164981
798.40	10.163091
798.60	10.1577825
798.80	10.1506235
799.00	10.142088
799.20	10.1325705
799.40	10.1227585
799.60	10.113735
799.80	10.106421
800.00	10.1005075
800.20	10.0968965
800.40	10.0975015
800.60	10.1018755
800.80	10.108826
801.00	10.1171935
801.20	10.1264705
801.40	10.1366215
801.60	10.1479645
801.80	10.160999
802.00	10.1740715
802.20	10.1860925
802.40	10.197639
802.60	10.2084785
802.80	10.217734
803.00	10.2243305
803.20	10.2293865
803.40	10.2353695
803.60	10.240694
803.80	10.2430725
804.00	10.2457735
804.20	10.25238
804.40	10.26206
804.60	10.2726595
804.80	10.284152
805.00	10.297366
805.20	10.311483
805.40	10.325099
805.60	10.3382415
805.80	10.351119
806.00	10.3611325
806.20	10.366287
806.40	10.3697685
806.60	10.375179
806.80	10.382391
807.00	10.3899165
807.20	10.39724
807.40	10.40557
807.60	10.4147525
807.80	10.4222315
808.00	10.4289415
808.20	10.437932
808.40	10.446425
808.60	10.450949
808.80	10.4552185
809.00	10.463241
809.20	10.4755435
809.40	10.4898595
809.60	10.5048855
809.80	10.5206335
810.00	10.5351075
810.20	10.548106
810.40	10.5617515
810.60	10.576266
810.80	10.589392
811.00	10.597875
811.20	10.6021725
811.40	10.6056385
811.60	10.609567
811.80	10.612404
812.00	10.6135595
812.20	10.6153275
812.40	10.6179515
812.60	10.620648
812.80	10.6256035
813.00	10.6338225
813.20	10.6437715
813.40	10.6520365
813.60	10.6574825
813.80	10.662928
814.00	10.669117
814.20	10.6750235
814.40	10.6809175
814.60	10.6863175
814.80	10.689079
815.00	10.688565
815.20	10.68699
815.40	10.6872745
815.60	10.689
815.80	10.689461
816.00	10.687431
816.20	10.6847555
816.40	10.682881
816.60	10.6819635
816.80	10.681981
817.00	10.682799
817.20	10.682329
817.40	10.677009
817.60	10.6683645
817.80	10.6613245
818.00	10.657767
818.20	10.6558695
818.40	10.6545485
818.60	10.653695
818.80	10.6530785
819.00	10.6529975
819.20	10.6553325
819.40	10.660931
819.60	10.666433
819.80	10.6692245
820.00	10.6699875
820.20	10.6706695
820.40	10.6734865
820.60	10.677985
820.80	10.683324
821.00	10.688877
821.20	10.6930105
821.40	10.695595
821.60	10.6982885
821.80	10.701966
822.00	10.7042035
822.20	10.703257
822.40	10.6997415
822.60	10.693771
822.80	10.685453
823.00	10.6775495
823.20	10.6713405
823.40	10.666209
823.60	10.659815
823.80	10.651018
824.00	10.643831
824.20	10.6400895
824.40	10.6367005
824.60	10.6310575
824.80	10.623963
825.00	10.6159045
825.20	10.606175
825.40	10.595798
825.60	10.585817
825.80	10.576766
826.00	10.5682555
826.20	10.5611545
826.40	10.55738
826.60	10.556864
826.80	10.5578795
827.00	10.5597345
827.20	10.5618095
827.40	10.562302
827.60	10.5606515
827.80	10.556703
828.00	10.5529785
828.20	10.5505485
828.40	10.5478955
828.60	10.545296
828.80	10.5441075
829.00	10.545169
829.20	10.548623
829.40	10.554913
829.60	10.5619305
829.80	10.566087
830.00	10.567483
830.20	10.567363
830.40	10.565371
830.60	10.5605195
830.80	10.5521475
831.00	10.541718
831.20	10.530639
831.40	10.5178035
831.60	10.502888
831.80	10.4881305
832.00	10.4757205
832.20	10.4650515
832.40	10.454394
832.60	10.443868
832.80	10.433611
833.00	10.422041
833.20	10.4083445
833.40	10.3947085
833.60	10.382175
833.80	10.370114
834.00	10.3575265
834.20	10.344606
834.40	10.3336455
834.60	10.3255175
834.80	10.318261
835.00	10.310513
835.20	10.304074
835.40	10.2990265
835.60	10.293136
835.80	10.2869845
836.00	10.2823875
836.20	10.2791305
836.40	10.274789
836.60	10.269781
836.80	10.2671845
837.00	10.2665995
837.20	10.2673995
837.40	10.270298
837.60	10.275049
837.80	10.2800445
838.00	10.282382
838.20	10.2829965
838.40	10.2846995
838.60	10.28762
838.80	10.2907745
839.00	10.294087
839.20	10.2984795
839.40	10.304068
839.60	10.31113
839.80	10.3202095
840.00	10.331248
840.20	10.3433515
840.40	10.3541005
840.60	10.363688
840.80	10.374888
841.00	10.3882345
841.20	10.4028955
841.40	10.4176545
841.60	10.432219
841.80	10.446929
842.00	10.4611195
842.20	10.4761165
842.40	10.4929665
842.60	10.510288
842.80	10.525692
843.00	10.5370145
843.20	10.5449715
843.40	10.549661
843.60	10.549996
843.80	10.5475265
844.00	10.5436095
844.20	10.5376655
844.40	10.5303545
844.60	10.5241115
844.80	10.519886
845.00	10.5185295
845.20	10.520199
845.40	10.5233545
845.60	10.526585
845.80	10.52945
846.00	10.532005
846.20	10.534771
846.40	10.53868
846.60	10.541995
846.80	10.5425185
847.00	10.5426505
847.20	10.5451585
847.40	10.5494645
847.60	10.5544045
847.80	10.5603755
848.00	10.5686785
848.20	10.5785505
848.40	10.588753
848.60	10.600298
848.80	10.6134595
849.00	10.6263535
849.20	10.636542
849.40	10.6459305
849.60	10.6579665
849.80	10.671991
850.00	10.6869005
850.20	10.7028375
850.40	10.720612
850.60	10.737569
850.80	10.750186
851.00	10.760414
851.20	10.771466
851.40	10.7824705
851.60	10.7904285
851.80	10.7955055
852.00	10.8001725
852.20	10.803109
852.40	10.804077
852.60	10.8066885
852.80	10.8121635
853.00	10.81864
853.20	10.8246155
853.40	10.832044
853.60	10.8451555
853.80	10.8618195
854.00	10.875511
854.20	10.88531
854.40	10.892423
854.60	10.895453
854.80	10.892727
855.00	10.8851205
855.20	10.8761255
855.40	10.866377
855.60	10.8524975
855.80	10.8363285
856.00	10.8233075
856.20	10.812343
856.40	10.801266
856.60	10.792505
856.80	10.7871865
857.00	10.782396
857.20	10.7747145
857.40	10.7647555
857.60	10.755994
857.80	10.746984
858.00	10.7327855
858.20	10.713999
858.40	10.6960385
858.60	10.681766
858.80	10.669944
859.00	10.660918
859.20	10.6567135
859.40	10.656734
859.60	10.6573935
859.80	10.6586975
860.00	10.6640425
860.20	10.6727005
860.40	10.6809165
860.60	10.687014
860.80	10.693333
861.00	10.702625
861.20	10.712611
861.40	10.721541
861.60	10.7324425
861.80	10.745973
862.00	10.759273
862.20	10.769722
862.40	10.77904
862.60	10.790767
862.80	10.803761
863.00	10.8160355
863.20	10.830252
863.40	10.8494885
863.60	10.8726
863.80	10.8976765
864.00	10.925473
864.20	10.9570935
864.40	10.9893755
864.60	11.017217
864.80	11.040889
865.00	11.065577
865.20	11.0927435
865.40	11.1185935
865.60	11.1428785
865.80	11.169887
866.00	11.201932
866.20	11.2349125
866.40	11.266531
866.60	11.2996375
866.80	11.3322845
867.00	11.359384
867.20	11.379201
867.40	11.394928
867.60	11.409231
867.80	11.4197495
868.00	11.4240615
868.20	11.424828
868.40	11.426342
868.60	11.427292
868.80	11.4264025
869.00	11.427083
869.20	11.430232
869.40	11.433499
869.60	11.434706
869.80	11.434917
870.00	11.437298
870.20	11.440478
870.40	11.4401965
870.60	11.436721
870.80	11.4315575
871.00	11.4223655
871.20	11.40707
871.40	11.3871995
871.60	11.365522
871.80	11.3418965
872.00	11.313023
872.20	11.2793925
872.40	11.2467985
872.60	11.21858
872.80	11.1926755
873.00	11.167605
873.20	11.1450315
873.40	11.125302
873.60	11.1061645
873.80	11.086585
874.00	11.068183
874.20	11.050961
874.40	11.03265
874.60	11.012875
874.80	10.9951765
875.00	10.9828025
875.20	10.9741665
875.40	10.9660915
875.60	10.9601345
875.80	10.9590955
876.00	10.9611845
876.20	10.9641975
876.40	10.970013
876.60	10.97945
876.80	10.9896565
877.00	10.998946
877.20	11.0086695
877.40	11.022375
877.60	11.038942
877.80	11.0540865
878.00	11.066991
878.20	11.079393
878.40	11.0915155
878.60	11.103074
878.80	11.117133
879.00	11.136554
879.20	11.159865
879.40	11.18477
879.60	11.212473
879.80	11.2445915
880.00	11.2799595
880.20	11.3149695
880.40	11.348223
880.60	11.378384
880.80	11.4041625
881.00	11.427293
881.20	11.4488235
881.40	11.4699335
881.60	11.4908295
881.80	11.510042
882.00	11.528624
882.20	11.5485985
882.40	11.5696645
882.60	11.591465
882.80	11.614846
883.00	11.638309
883.20	11.657794
883.40	11.6721085
883.60	11.684129
883.80	11.694888
884.00	11.7018805
884.20	11.7032805
884.40	11.701133
884.60	11.6984975
884.80	11.6963255
885.00	11.695799
885.20	11.6995235
885.40	11.707387
885.60	11.7161255
885.80	11.723901
886.00	11.732726
886.20	11.7446905
886.40	11.757175
886.60	11.7658735
886.80	11.7703155
887.00	11.772505
887.20	11.7723105
887.40	11.76907
887.60	11.764935
887.80	11.762762
888.00	11.7612025
888.20	11.7564585
888.40	11.7505085
888.60	11.7485375
888.80	11.7499085
889.00	11.750789
889.20	11.7509215
889.40	11.7513715
889.60	11.7506635
889.80	11.747747
890.00	11.7447575
890.20	11.743694
890.40	11.7439745
890.60	11.743042
890.80	11.7406335
891.00	11.741113
891.20	11.746527
891.40	11.7559285
891.60	11.768653
891.80	11.7825965
892.00	11.7946985
892.20	11.8027265
892.40	11.8083055
892.60	11.8141475
892.80	11.8191915
893.00	11.8222585
893.20	11.824208
893.40	11.8266705
893.60	11.8316625
893.80	11.839195
894.00	11.8480715
894.20	11.858461
894.40	11.869462
894.60	11.8782155
894.80	11.884785
895.00	11.8917535
895.20	11.899705
895.40	11.9081735
895.60	11.9157105
895.80	11.922807
896.00	11.9324455
896.20	11.944348
896.40	11.9568575
896.60	11.9704345
896.80	11.9851815
897.00	11.9991055
897.20	12.010138
897.40	12.0192245
897.60	12.0290415
897.80	12.040093
898.00	12.050616
898.20	12.0610195
898.40	12.0735825
898.60	12.0884105
898.80	12.104131
899.00	12.120298
899.20	12.137374
899.40	12.1545695
899.60	12.169755
899.80	12.18136
900.00	12.1899355
900.20	12.197841
900.40	12.203631
900.60	12.203707
900.80	12.199882
901.00	12.196498
901.20	12.1944085
901.40	12.191729
901.60	12.189342
901.80	12.1909065
902.00	12.1952795
902.20	12.198815
902.40	12.2020765
902.60	12.207812
902.80	12.2155325
903.00	12.220951
903.20	12.2224255
903.40	12.2232455
903.60	12.2243275
903.80	12.2226705
904.00	12.2174425
904.20	12.210406
904.40	12.2022775
904.60	12.193326
904.80	12.186165
905.00	12.1835345
905.20	12.1848725
905.40	12.186891
905.60	12.187769
905.80	12.1890245
906.00	12.191076
906.20	12.1920435
906.40	12.190477
906.60	12.1882045
906.80	12.187448
907.00	12.187288
907.20	12.186255
907.40	12.185511
907.60	12.187473
907.80	12.190287
908.00	12.1901435
908.20	12.1877495
908.40	12.186194
908.60	12.1845185
908.80	12.180361
909.00	12.175135
909.20	12.171434
909.40	12.1678565
909.60	12.16205
909.80	12.156405
910.00	12.1554055
910.20	12.158051
910.40	12.1591085
910.60	12.1579895
910.80	12.1574095
911.00	12.158491
911.20	12.1602495
911.40	12.1606245
911.60	12.160079
911.80	12.159361
912.00	12.1563995
912.20	12.150086
912.40	12.143175
912.60	12.1381375
912.80	12.1335825
913.00	12.1268
913.20	12.117651
913.40	12.109933
913.60	12.1048085
913.80	12.1002995
914.00	12.097074
914.20	12.09625
914.40	12.0964355
914.60	12.0952645
914.80	12.093197
915.00	12.091983
915.20	12.0905665
915.40	12.086099
915.60	12.0781545
915.80	12.0683155
916.00	12.0572025
916.20	12.0450965
916.40	12.03318
916.60	12.023497
916.80	12.0154435
917.00	12.007136
917.20	11.999602
917.40	11.9948545
917.60	11.9930035
917.80	11.9924905
918.00	11.991572
918.20	11.990694
918.40	11.9901695
918.60	11.9887865
918.80	11.9859985
919.00	11.9825925
919.20	11.9797015
919.40	11.976831
919.60	11.9744375
919.80	11.973811
920.00	11.975995
920.20	11.9816425
920.40	11.9879595
920.60	11.9926705
920.80	11.996401
921.00	11.9992155
921.20	12.0005615
921.40	12.0010355
921.60	12.0003955
921.80	11.9980355
922.00	11.9951605
922.20	11.994119
922.40	11.9971785
922.60	12.005212
922.80	12.017138
923.00	12.031151
923.20	12.0462335
923.40	12.060087
923.60	12.071988
923.80	12.0815275
924.00	12.0870445
924.20	12.088614
924.40	12.0842895
924.60	12.0745555
924.80	12.063902
925.00	12.0539895
925.20	12.0439315
925.40	12.033965
925.60	12.026333
925.80	12.0219115
926.00	12.020637
926.20	12.022516
926.40	12.026583
926.60	12.02917
926.80	12.026464
927.00	12.020499
927.20	12.0144515
927.40	12.0072075
927.60	11.997385
927.80	11.9854285
928.00	11.974071
928.20	11.9632965
928.40	11.9524975
928.60	11.9451165
928.80	11.9429645
929.00	11.9431945
929.20	11.9413025
929.40	11.9364785
929.60	11.9318605
929.80	11.9285945
930.00	11.92391
930.20	11.9169015
930.40	11.9091025
930.60	11.9005395
930.80	11.890157
931.00	11.879176
931.20	11.8717665
931.40	11.868427
931.60	11.8640205
931.80	11.8570875
932.00	11.8502055
932.20	11.8421035
932.40	11.8292795
932.60	11.8112595
932.80	11.789945
933.00	11.7647895
933.20	11.7342745
933.40	11.7012785
933.60	11.671595
933.80	11.6482635
934.00	11.62883
934.20	11.6108475
934.40	11.594795
934.60	11.5801175
934.80	11.5650665
935.00	11.548499
935.20	11.53134
935.40	11.5132125
935.60	11.489641
935.80	11.460145
936.00	11.430859
936.20	11.405018
936.40	11.3790105
936.60	11.35057
936.80	11.321756
937.00	11.2938205
937.20	11.2672195
937.40	11.2423885
937.60	11.2200945
937.80	11.199941
938.00	11.1784995
938.20	11.153572
938.40	11.126923
938.60	11.1007355
938.80	11.0751125
939.00	11.049459
939.20	11.023093
939.40	10.996722
939.60	10.971198
939.80	10.9465425
940.00	10.924294
940.20	10.904833
940.40	10.8850915
940.60	10.862312
940.80	10.8367035
941.00	10.8103645
941.20	10.784594
941.40	10.7588555
941.60	10.7325755
941.80	10.7063395
942.00	10.6801845
942.20	10.654506
942.40	10.631382
942.60	10.6112595
942.80	10.5912645
943.00	10.5682695
943.20	10.541287
943.40	10.5108485
943.60	10.478521
943.80	10.4443035
944.00	10.4083
944.20	10.3703585
944.40	10.32912
944.60	10.2852295
944.80	10.241985
945.00	10.202572
945.20	10.166221
945.40	10.1305445
945.60	10.094055
945.80	10.056764
946.00	10.019642
946.20	9.9834315
946.40	9.9488215
946.60	9.914349
946.80	9.876928
947.00	9.8365975
947.20	9.795484
947.40	9.755232
947.60	9.716317
947.80	9.678305
948.00	9.6418235
948.20	9.6064315
948.40	9.5697075
948.60	9.532477
948.80	9.4968125
949.00	9.4614365
949.20	9.4246965
949.40	9.3858605
949.60	9.3471845
949.80	9.3111925
950.00	9.276758
950.20	9.243194
950.40	9.211155
950.60	9.179834
950.80	9.1467135
951.00	9.1112035
951.20	9.0757915
951.40	9.042047
951.60	9.0094145
951.80	8.976821
952.00	8.945426
952.20	8.915162
952.40	8.8829395
952.60	8.8472155
952.80	8.8078155
953.00	8.7664315
953.20	8.7239395
953.40	8.679819
953.60	8.63679
953.80	8.5964315
954.00	8.555576
954.20	8.511961
954.40	8.467852
954.60	8.4257375
954.80	8.38466
955.00	8.342694
955.20	8.2994135
955.40	8.2557955
955.60	8.21105
955.80	8.1650325
956.00	8.1203425
956.20	8.076485
956.40	8.0305215
956.60	7.981087
956.80	7.930743
957.00	7.882279
957.20	7.834635
957.40	7.785454
957.60	7.733278
957.80	7.6793115
958.00	7.6244505
958.20	7.5690235
958.40	7.5162345
958.60	7.46795
958.80	7.4212865
959.00	7.371285
959.20	7.3157015
959.40	7.2568145
959.60	7.1966125
959.80	7.133918
960.00	7.0661115
960.20	6.9910335
960.40	6.9086605
960.60	6.8202475
960.80	6.729479
961.00	6.640245
961.20	6.552315
961.40	6.4634925
961.60	6.3731415
961.80	6.2837725
962.00	6.1972745
962.20	6.111416
962.40	6.023833
962.60	5.9334625
962.80	5.8380095
963.00	5.736853
963.20	5.633467
963.40	5.5321555
963.60	5.4336755
963.80	5.335853
964.00	5.2378685
964.20	5.1418755
964.40	5.0505105
964.60	4.964098
964.80	4.8823505
965.00	4.8041505
965.20	4.7260765
965.40	4.6449875
965.60	4.562087
965.80	4.481934
966.00	4.405675
966.20	4.329867
966.40	4.2528825
966.60	4.17657
966.80	4.101717
967.00	4.0267185
967.20	3.951331
967.40	3.8765385
967.60	3.801231
967.80	3.7232735
968.00	3.643076
968.20	3.5651005
968.40	3.492006
968.60	3.4234185
968.80	3.3576465
969.00	3.2929585
969.20	3.2290375
969.40	3.16419
969.60	3.0981565
969.80	3.0318495
970.00	2.964679
970.20	2.8947625
970.40	2.8209115
970.60	2.7451505
970.80	2.6695935
971.00	2.593579
971.20	2.517401
971.40	2.441965
971.60	2.3660475
971.80	2.2880375
972.00	2.205776
972.20	2.1191605
972.40	2.0289845
972.60	1.933778
972.80	1.831452
973.00	1.7241105
973.20	1.6151135
973.40	1.504315
973.60	1.392047
973.80	1.280398
974.00	1.1700535
974.20	1.060035
974.40	0.949238
974.60	0.83858
974.80	0.7296885
975.00	0.6215145
