,0,1,2,3,4,5,6,7,8,9,10,11,12,13,14
0,,6000.0,6500.0,7000.0,7500.0,8000.0,8500.0,9000.0,9200.0,9500.0,10000.0,10500.0,11000.0,11500.0,12000.0
1,0.0,1.0,1.0,1.0,1.0,1.0,1.0,1.0,1.0,1.0,1.0,1.0,1.0,1.0,1.0
2,3.49765378363065e-05,0.999974,0.999976,0.999978,0.99998,0.999981,0.999982,0.999983,0.999984,0.999984,0.999985,0.999986,0.999986,0.999987,0.999987
3,6.9953075672613e-05,0.999948,0.999953,0.999957,0.99996,0.999962,0.999965,0.999967,0.999967,0.999968,0.99997,0.999971,0.999972,0.999973,0.999974
4,0.00010492961350892,0.999923,0.999929,0.999935,0.999939,0.999943,0.999947,0.99995,0.999951,0.999953,0.999955,0.999957,0.999959,0.99996,0.999961
5,0.000139906151345226,0.999897,0.999906,0.999913,0.999919,0.999925,0.999929,0.999933,0.999935,0.999937,0.99994,0.999942,0.999945,0.999947,0.999948
6,0.000174882689181533,0.999871,0.999882,0.999891,0.999899,0.999906,0.999912,0.999917,0.999918,0.999921,0.999925,0.999928,0.999931,0.999933,0.999935
7,0.000209859261924424,0.999845,0.999858,0.999869,0.999879,0.999887,0.999894,0.9999,0.999902,0.999905,0.99991,0.999914,0.999917,0.99992,0.999922
8,0.000244835834667316,0.999819,0.999835,0.999848,0.999859,0.999868,0.999876,0.999883,0.999886,0.999889,0.999895,0.999899,0.999903,0.999906,0.999909
9,0.000279812232877282,0.999793,0.999811,0.999826,0.999838,0.999849,0.999858,0.999866,0.999869,0.999873,0.999879,0.999885,0.999889,0.999893,0.999896
10,0.000314788805620174,0.999767,0.999787,0.999804,0.999818,0.99983,0.999841,0.99985,0.999853,0.999857,0.999864,0.99987,0.999875,0.999879,0.999883
11,0.000349765378363065,0.999741,0.999763,0.999782,0.999798,0.999811,0.999823,0.999833,0.999836,0.999841,0.999849,0.999855,0.999861,0.999866,0.99987
12,0.000384741951105957,0.999716,0.99974,0.99976,0.999777,0.999792,0.999805,0.999816,0.99982,0.999825,0.999834,0.999841,0.999847,0.999852,0.999856
13,0.000419718523848848,0.99969,0.999716,0.999738,0.999757,0.999773,0.999787,0.999799,0.999803,0.999809,0.999818,0.999826,0.999833,0.999838,0.999843
14,0.000454694922058815,0.999663,0.999692,0.999716,0.999736,0.999754,0.999769,0.999782,0.999786,0.999793,0.999803,0.999811,0.999818,0.999824,0.99983
15,0.000489671494801706,0.999637,0.999668,0.999694,0.999716,0.999735,0.999751,0.999765,0.99977,0.999777,0.999787,0.999796,0.999804,0.99981,0.999816
16,0.000524648067544598,0.999611,0.999644,0.999672,0.999695,0.999715,0.999733,0.999748,0.999753,0.99976,0.999771,0.999781,0.999789,0.999796,0.999802
17,0.000559624640287489,0.999585,0.99962,0.999649,0.999674,0.999696,0.999714,0.99973,0.999736,0.999744,0.999756,0.999766,0.999775,0.999782,0.999789
18,0.000594601213030381,0.999559,0.999596,0.999627,0.999654,0.999676,0.999696,0.999713,0.999719,0.999727,0.99974,0.999751,0.99976,0.999768,0.999775
19,0.000629577785773273,0.999532,0.999572,0.999605,0.999633,0.999657,0.999678,0.999695,0.999702,0.999711,0.999724,0.999735,0.999745,0.999754,0.999761
20,0.000664554183983239,0.999506,0.999547,0.999582,0.999612,0.999637,0.999659,0.999678,0.999685,0.999694,0.999708,0.99972,0.99973,0.999739,0.999746
21,0.00069953075672613,0.99948,0.999523,0.99956,0.999591,0.999618,0.999641,0.99966,0.999667,0.999677,0.999692,0.999704,0.999715,0.999724,0.999732
22,0.000734507329469022,0.999453,0.999499,0.999537,0.99957,0.999598,0.999622,0.999643,0.99965,0.99966,0.999676,0.999689,0.9997,0.99971,0.999718
23,0.000769483902211914,0.999426,0.999474,0.999515,0.999549,0.999578,0.999603,0.999625,0.999632,0.999643,0.999659,0.999673,0.999685,0.999695,0.999703
24,0.000804460474954805,0.9994,0.99945,0.999492,0.999528,0.999558,0.999584,0.999607,0.999615,0.999626,0.999643,0.999657,0.999669,0.999679,0.999688
25,0.000839436873164772,0.999373,0.999425,0.999469,0.999506,0.999538,0.999565,0.999589,0.999597,0.999609,0.999626,0.999641,0.999653,0.999664,0.999673
26,0.000874413445907663,0.999346,0.9994,0.999446,0.999485,0.999518,0.999546,0.99957,0.999579,0.999591,0.999609,0.999624,0.999638,0.999649,0.999658
27,0.000909390018650555,0.999319,0.999375,0.999423,0.999463,0.999497,0.999527,0.999552,0.999561,0.999574,0.999592,0.999608,0.999621,0.999633,0.999642
28,0.000944366591393446,0.999292,0.99935,0.9994,0.999441,0.999477,0.999507,0.999533,0.999543,0.999556,0.999575,0.999591,0.999605,0.999617,0.999626
29,0.000979343164136338,0.999265,0.999325,0.999376,0.999419,0.999456,0.999488,0.999515,0.999524,0.999538,0.999557,0.999574,0.999589,0.999601,0.99961
30,0.0010143195623463,0.999238,0.9993,0.999353,0.999397,0.999435,0.999468,0.999496,0.999506,0.999519,0.99954,0.999557,0.999572,0.999584,0.999594
31,0.0010492961350892,0.99921,0.999275,0.999329,0.999375,0.999414,0.999448,0.999477,0.999487,0.999501,0.999522,0.99954,0.999555,0.999567,0.999577
32,0.00108427270783209,0.999183,0.99925,0.999306,0.999353,0.999393,0.999428,0.999457,0.999468,0.999483,0.999504,0.999522,0.999538,0.99955,0.99956
33,0.00111924928057498,0.999155,0.999224,0.999282,0.999331,0.999372,0.999408,0.999438,0.999449,0.999464,0.999486,0.999504,0.99952,0.999533,0.999543
34,0.00115422567878495,0.999128,0.999198,0.999258,0.999308,0.999351,0.999387,0.999418,0.999429,0.999445,0.999467,0.999486,0.999502,0.999515,0.999525
35,0.00118920225152784,0.9991,0.999173,0.999234,0.999285,0.999329,0.999367,0.999398,0.99941,0.999425,0.999448,0.999468,0.999484,0.999497,0.999507
36,0.00122417882427073,0.999072,0.999147,0.999209,0.999262,0.999307,0.999346,0.999378,0.99939,0.999406,0.999429,0.999449,0.999465,0.999479,0.999489
37,0.00125915539701362,0.999044,0.99912,0.999185,0.999239,0.999285,0.999324,0.999358,0.99937,0.999386,0.99941,0.99943,0.999446,0.99946,0.99947
38,0.00129413196975651,0.999016,0.999094,0.99916,0.999216,0.999263,0.999303,0.999337,0.999349,0.999366,0.99939,0.99941,0.999427,0.99944,0.999451
39,0.00132910836796648,0.998987,0.999068,0.999135,0.999192,0.999241,0.999282,0.999316,0.999329,0.999346,0.99937,0.999391,0.999407,0.999421,0.999431
40,0.00136408494070937,0.998959,0.999041,0.99911,0.999169,0.999218,0.99926,0.999295,0.999308,0.999325,0.99935,0.999371,0.999387,0.999401,0.99941
41,0.00139906151345226,0.99893,0.999014,0.999085,0.999145,0.999195,0.999238,0.999274,0.999286,0.999304,0.999329,0.99935,0.999367,0.99938,0.999389
42,0.00143403808619515,0.998901,0.998987,0.99906,0.99912,0.999172,0.999215,0.999252,0.999265,0.999283,0.999308,0.999329,0.999346,0.999358,0.999367
43,0.00146901465893804,0.998872,0.99896,0.999034,0.999096,0.999148,0.999193,0.99923,0.999243,0.999261,0.999286,0.999307,0.999324,0.999337,0.999345
44,0.00150399105714801,0.998843,0.998933,0.999008,0.999071,0.999125,0.99917,0.999207,0.99922,0.999239,0.999264,0.999285,0.999302,0.999314,0.999322
45,0.0015389676298909,0.998813,0.998905,0.998982,0.999046,0.999101,0.999146,0.999184,0.999198,0.999216,0.999242,0.999263,0.999279,0.999291,0.999298
46,0.00157394420263379,0.998784,0.998877,0.998956,0.999021,0.999076,0.999123,0.999161,0.999175,0.999193,0.999219,0.99924,0.999256,0.999267,0.999273
47,0.00160892077537669,0.998754,0.998849,0.998929,0.998996,0.999052,0.999099,0.999138,0.999151,0.99917,0.999196,0.999216,0.999232,0.999242,0.999247
48,0.00164389734811958,0.998724,0.998821,0.998902,0.99897,0.999027,0.999074,0.999114,0.999127,0.999146,0.999172,0.999192,0.999207,0.999216,0.999221
49,0.00167887392086247,0.998694,0.998793,0.998875,0.998944,0.999002,0.999049,0.999089,0.999103,0.999122,0.999147,0.999167,0.999181,0.99919,0.999192
50,0.00171385031907243,0.998663,0.998764,0.998848,0.998918,0.998976,0.999024,0.999064,0.999078,0.999097,0.999122,0.999141,0.999155,0.999162,0.999163
51,0.00174881991049832,0.998633,0.998735,0.99882,0.998891,0.99895,0.998999,0.999039,0.999053,0.999071,0.999096,0.999115,0.999127,0.999133,0.999133
52,0.00178379630870828,0.998602,0.998706,0.998792,0.998864,0.998923,0.998973,0.999013,0.999027,0.999045,0.99907,0.999087,0.999099,0.999103,0.999101
53,0.00181877270691825,0.998571,0.998676,0.998764,0.998837,0.998897,0.998946,0.998986,0.999,0.999018,0.999042,0.999059,0.999069,0.999072,0.999067
54,0.00185374910512822,0.998539,0.998647,0.998735,0.998809,0.998869,0.998919,0.998959,0.998973,0.998991,0.999014,0.99903,0.999038,0.999039,0.999031
55,0.00188872550333818,0.998508,0.998617,0.998706,0.998781,0.998842,0.998892,0.998932,0.998945,0.998963,0.998985,0.999,0.999006,0.999004,0.998993
56,0.00192370190154815,0.998476,0.998586,0.998677,0.998752,0.998814,0.998864,0.998904,0.998917,0.998934,0.998955,0.998968,0.998973,0.998968,0.998953
57,0.00195867829975812,0.998444,0.998556,0.998648,0.998723,0.998785,0.998835,0.998875,0.998887,0.998904,0.998924,0.998936,0.998938,0.99893,0.99891
58,0.00199365469796808,0.998411,0.998524,0.998618,0.998694,0.998756,0.998806,0.998845,0.998858,0.998874,0.998892,0.998902,0.998901,0.998889,0.998864
59,0.00202863109617805,0.998379,0.998493,0.998587,0.998664,0.998726,0.998776,0.998814,0.998827,0.998842,0.998859,0.998866,0.998862,0.998846,0.998815
60,0.00206360749438802,0.998346,0.998462,0.998556,0.998634,0.998696,0.998746,0.998783,0.998795,0.998809,0.998825,0.998829,0.998822,0.9988,0.998762
61,0.00209858389259798,0.998312,0.998429,0.998525,0.998603,0.998665,0.998714,0.998751,0.998762,0.998776,0.998789,0.998791,0.998779,0.998751,0.998703
62,0.00213356029080795,0.998278,0.998397,0.998493,0.998572,0.998634,0.998682,0.998718,0.998729,0.998741,0.998752,0.99875,0.998733,0.998698,0.99864
63,0.00216853668901791,0.998245,0.998364,0.998461,0.99854,0.998602,0.99865,0.998684,0.998694,0.998705,0.998713,0.998707,0.998685,0.998641,0.99857
64,0.0022035305405204,0.99821,0.998331,0.998429,0.998507,0.998569,0.998616,0.998649,0.998658,0.998668,0.998673,0.998662,0.998633,0.998579,0.998492
65,0.00223850693873037,0.998176,0.998297,0.998396,0.998474,0.998535,0.998581,0.998613,0.998621,0.998629,0.99863,0.998614,0.998577,0.998511,0.998403
66,0.00227348333694033,0.998141,0.998263,0.998362,0.998441,0.998501,0.998546,0.998575,0.998582,0.998589,0.998585,0.998563,0.998517,0.998437,0.998303
67,0.0023084597351503,0.998105,0.998229,0.998328,0.998406,0.998466,0.998509,0.998536,0.998543,0.998547,0.998539,0.998509,0.998452,0.998353,0.998186
68,0.00234343613336027,0.998069,0.998194,0.998293,0.998371,0.99843,0.998472,0.998496,0.998501,0.998503,0.998489,0.998451,0.998381,0.99826,0.998048
69,0.00237841253157023,0.998033,0.998159,0.998258,0.998336,0.998393,0.998433,0.998455,0.998458,0.998457,0.998437,0.998389,0.998303,0.998153,0.997879
70,0.0024133889297802,0.997997,0.998123,0.998222,0.998299,0.998356,0.998393,0.998411,0.998413,0.998409,0.998381,0.998322,0.998216,0.99803,0.997664
71,0.00244836532799017,0.99796,0.998086,0.998186,0.998262,0.998317,0.998352,0.998366,0.998366,0.998358,0.998322,0.998249,0.99812,0.997885,0.997371
72,0.00248334172620013,0.997922,0.998049,0.998148,0.998224,0.998277,0.998309,0.998319,0.998317,0.998305,0.998259,0.99817,0.99801,0.997708,0.99693
73,0.0025183181244101,0.997884,0.998012,0.99811,0.998185,0.998236,0.998265,0.998271,0.998265,0.998248,0.998191,0.998082,0.997885,0.997485,0.996127
74,0.00255329452262006,0.997846,0.997973,0.998072,0.998145,0.998194,0.998219,0.998219,0.998211,0.998189,0.998117,0.997985,0.997738,0.997185,0.994054
75,0.00258827092083003,0.997807,0.997935,0.998032,0.998104,0.99815,0.998172,0.998165,0.998154,0.998125,0.998038,0.997876,0.997562,0.996742,0.982427
76,0.00262324731904,0.997767,0.997895,0.997992,0.998062,0.998106,0.998122,0.998109,0.998094,0.998057,0.997951,0.997753,0.997344,0.995971,0.812471
77,0.00265822371724996,0.997728,0.997855,0.997951,0.998019,0.998059,0.998071,0.99805,0.99803,0.997985,0.997856,0.997611,0.997059,0.994153,0.518392
78,0.00269320011545993,0.997687,0.997814,0.997909,0.997975,0.998011,0.998017,0.997986,0.997962,0.997907,0.99775,0.997444,0.996658,0.986206,0.353874
79,0.0027281765136699,0.997646,0.997773,0.997867,0.997929,0.997962,0.997961,0.99792,0.997889,0.997823,0.997633,0.997243,0.996013,0.884463,0.286847
80,0.00276315291187986,0.997604,0.997731,0.997823,0.997883,0.99791,0.997902,0.997849,0.997811,0.997731,0.997499,0.996991,0.99471,0.601097,0.255183
81,0.00279812931008983,0.997562,0.997688,0.997778,0.997835,0.997857,0.997841,0.997774,0.997728,0.997631,0.997345,0.99666,0.990642,0.394854,0.231764
82,0.0028331057082998,0.997519,0.997644,0.997732,0.997785,0.997801,0.997776,0.997693,0.997638,0.997521,0.997166,0.996187,0.958982,0.302774,0.208837
83,0.00286808210650976,0.997476,0.997599,0.997685,0.997734,0.997744,0.997707,0.997606,0.99754,0.997398,0.996951,0.995416,0.770025,0.264491,0.185547
84,0.00290305850471973,0.997431,0.997554,0.997637,0.997681,0.997683,0.997635,0.997513,0.997433,0.99726,0.996683,0.993838,0.520033,0.241744,0.163031
85,0.00293803490292969,0.997386,0.997507,0.997587,0.997626,0.997621,0.997558,0.997411,0.997314,0.997103,0.996335,0.988986,0.354272,0.221026,0.142626
86,0.00297301130113966,0.997341,0.99746,0.997536,0.99757,0.997555,0.997477,0.997299,0.997183,0.996922,0.995845,0.956001,0.281443,0.199329,0.12523
87,0.00300798769934963,0.997294,0.997411,0.997484,0.997511,0.997486,0.997389,0.997177,0.997035,0.996708,0.995068,0.750071,0.252014,0.17717,0.111147
88,0.00304296409755959,0.997247,0.997362,0.99743,0.997451,0.997413,0.997296,0.997041,0.996868,0.996449,0.993567,0.491071,0.23463,0.155942,0.100164
89,0.00307794049576956,0.997199,0.997311,0.997375,0.997387,0.997337,0.997196,0.996888,0.996674,0.996121,0.989471,0.347114,0.217736,0.136901,0.0917448
90,0.00311291689397953,0.99715,0.997259,0.997318,0.997321,0.997256,0.997087,0.996715,0.996445,0.995684,0.968451,0.288877,0.198734,0.120802,0.08521657
91,0.00314789329218949,0.9971,0.997206,0.997259,0.997253,0.997171,0.996969,0.996515,0.996167,0.995049,0.829687,0.262496,0.178245,0.107846,0.07992797
92,0.00318286969039946,0.997049,0.997151,0.997198,0.997181,0.99708,0.99684,0.996281,0.995817,0.993989,0.577717,0.243355,0.157776,0.09778499,0.07534107
93,0.00321784608860943,0.996997,0.997095,0.997135,0.997106,0.996983,0.996697,0.995997,0.99535,0.991789,0.39039,0.223891,0.13878,0.09009156,0.07107118
94,0.00325282248681939,0.996944,0.997038,0.99707,0.997028,0.99688,0.996538,0.995641,0.994673,0.985145,0.303996,0.202968,0.122275,0.08413339,0.06688802
95,0.00328779888502936,0.996891,0.996979,0.997002,0.996945,0.996769,0.99636,0.995171,0.993553,0.94869,0.269585,0.181515,0.108733,0.07930283,0.06269278
96,0.00332277528323932,0.996835,0.996919,0.996932,0.996858,0.996649,0.996156,0.9945,0.991265,0.777154,0.251376,0.160888,0.09813315,0.0750978,0.05848511
97,0.00335775168144929,0.996779,0.996856,0.99686,0.996767,0.996518,0.995921,0.993419,0.984661,0.52958,0.235241,0.142236,0.0901008,0.07115633,0.05432767
98,0.00339272807965926,0.996722,0.996792,0.996784,0.99667,0.996377,0.995642,0.991319,0.952237,0.366934,0.217334,0.126264,0.08406895,0.06725753,0.0503136
99,0.00342770447786922,0.996663,0.996726,0.996705,0.996567,0.996221,0.995302,0.985795,0.803479,0.297364,0.197623,0.113206,0.07942423,0.06330276,0.04653988
100,0.00346268087607919,0.996603,0.996658,0.996623,0.996458,0.996048,0.994872,0.962455,0.562654,0.269879,0.17728,0.102904,0.07560977,0.0592869,0.04308787
101,0.00349765727428916,0.996541,0.996588,0.996537,0.99634,0.995854,0.994296,0.845228,0.384956,0.254014,0.157649,0.09494177,0.07218325,0.05526732,0.04001158
102,0.00353263367249912,0.996478,0.996515,0.996447,0.996215,0.995635,0.993458,0.608073,0.303802,0.238655,0.139826,0.08877892,0.06883757,0.05133437,0.03733253
103,0.00356761007070909,0.996414,0.99644,0.996352,0.99608,0.995383,0.992081,0.409957,0.272761,0.22109,0.124491,0.08386621,0.06539633,0.047587,0.03504096
104,0.00360258646891905,0.996347,0.996362,0.996252,0.995933,0.995088,0.989349,0.314969,0.25736,0.201621,0.111899,0.07971951,0.06179366,0.0441135,0.03310068
105,0.00363756286712902,0.996279,0.996281,0.996147,0.995774,0.994734,0.982109,0.279306,0.243707,0.181465,0.101938,0.07596,0.0580474,0.04097933,0.03145693
106,0.00367253926533899,0.99621,0.996197,0.996036,0.995599,0.994294,0.953436,0.263247,0.227858,0.161935,0.09425038,0.07232568,0.05423108,0.03822051,0.03004484
107,0.00370751566354895,0.996138,0.99611,0.995918,0.995405,0.993722,0.832266,0.250076,0.209627,0.14409,0.0883489,0.06866433,0.05044727,0.03584268,0.02879793
108,0.00374249206175892,0.996064,0.996019,0.995793,0.99519,0.992925,0.598712,0.234828,0.190073,0.128609,0.08371905,0.06491569,0.04680537,0.03382412,0.02765476
109,0.00377746845996889,0.995988,0.995925,0.99566,0.994948,0.991702,0.404174,0.216982,0.170511,0.115771,0.07989186,0.06108877,0.04340394,0.03212174,0.02656417
110,0.00381244485817885,0.995909,0.995826,0.995517,0.99467,0.989537,0.313177,0.197503,0.152109,0.105516,0.07648559,0.05723905,0.04031918,0.03067865,0.02548831
111,0.00384742125638882,0.995828,0.995723,0.995363,0.994347,0.984798,0.281002,0.177714,0.13571,0.09754074,0.07322209,0.05344722,0.03759791,0.02943165,0.02440365
112,0.00388239765459879,0.995745,0.995614,0.995197,0.993963,0.970814,0.267602,0.158831,0.121774,0.09140337,0.06992529,0.04980051,0.03525616,0.02831839,0.02330049
113,0.00391737405280875,0.995659,0.9955,0.995017,0.993492,0.91764,0.256415,0.141773,0.110411,0.08662114,0.0665089,0.04637935,0.0332813,0.02728292,0.02218095
114,0.00395235045101872,0.995569,0.99538,0.994819,0.992892,0.765086,0.24262,0.127089,0.101449,0.08273798,0.06295832,0.04324735,0.03163734,0.02627982,0.02105639
115,0.00398732684922869,0.995477,0.995254,0.994602,0.992083,0.544265,0.225756,0.114972,0.09453255,0.07936778,0.05931054,0.04044522,0.03027148,0.02527623,0.01994403
116,0.00402230324743865,0.995381,0.99512,0.994361,0.990901,0.377083,0.206806,0.105317,0.08921531,0.07621536,0.05563545,0.03798961,0.0291218,0.02425263,0.01886398
117,0.00405727964564862,0.995282,0.994977,0.99409,0.988973,0.300024,0.187105,0.09781684,0.08503911,0.07307903,0.05201823,0.0358737,0.0281241,0.02320204,0.01783602
118,0.00409225604385858,0.995178,0.994826,0.993782,0.985281,0.273524,0.16791,0.09204932,0.08158785,0.06984314,0.04854513,0.03407113,0.02721806,0.02212815,0.0168774
119,0.00412723244206855,0.995071,0.994665,0.993427,0.976492,0.263619,0.150216,0.08756083,0.07851924,0.0664638,0.04529244,0.03254066,0.02635178,0.02104293,0.01600073
120,0.00416220884027852,0.994958,0.994491,0.993008,0.949672,0.255492,0.13468,0.08392473,0.07557776,0.06295256,0.04231936,0.03123207,0.02548485,0.01996371,0.01521328
121,0.00419718523848848,0.994841,0.994305,0.992502,0.863876,0.244506,0.121615,0.08077816,0.07259414,0.05935927,0.03966345,0.03009146,0.02458982,0.01891042,0.01451643
122,0.00423216163669845,0.994718,0.994103,0.99187,0.680488,0.230057,0.111033,0.07783961,0.06947623,0.05575646,0.03733971,0.02906628,0.0236522,0.0179029,0.01390605
123,0.00426713803490842,0.99459,0.993882,0.991042,0.469807,0.212963,0.102719,0.07491218,0.06619561,0.05222549,0.03534186,0.02810926,0.02266951,0.01695854,0.01337335
124,0.00430211443311838,0.994455,0.993642,0.989886,0.337352,0.194456,0.09631456,0.07187749,0.06277243,0.04884553,0.0336455,0.02718129,0.02164922,0.01609087,0.01290608
125,0.00433709083132835,0.994313,0.993376,0.988129,0.285251,0.175769,0.09139719,0.06868375,0.05926003,0.04568489,0.03221257,0.02625299,0.02060633,0.01530834,0.01248993
126,0.00437206722953832,0.994163,0.99308,0.985116,0.270275,0.157954,0.08754139,0.06533203,0.05573121,0.04279563,0.03099618,0.02530542,0.01956079,0.01461393,0.01210996
127,0.00440704362774828,0.994005,0.992746,0.979066,0.26499,0.141794,0.08436309,0.06186157,0.05226594,0.04021042,0.02994557,0.02432965,0.01853451,0.01400534,0.01175194
128,0.00444202002595825,0.993837,0.992366,0.964327,0.258744,0.127773,0.08154444,0.05833603,0.0489414,0.03794191,0.02901043,0.02332568,0.01754915,0.01347566,0.01140342
129,0.00447699642416822,0.993659,0.991924,0.922459,0.248652,0.116088,0.07884396,0.05483127,0.04582463,0.03598406,0.0281446,0.02230079,0.01662381,0.01301424,0.01105457
130,0.00451197282237818,0.993469,0.991401,0.812664,0.234743,0.106691,0.07609618,0.05142494,0.04296727,0.03431493,0.0273088,0.02126773,0.01577359,0.01260805,0.01069866
131,0.00454694922058815,0.993265,0.990765,0.618583,0.218024,0.09935603,0.07320427,0.04818811,0.04040273,0.03290025,0.02647228,0.02024239,0.01500843,0.01224284,0.01033222
132,0.00458192561879811,0.993046,0.989964,0.423813,0.199754,0.09374636,0.07012974,0.04517981,0.03814575,0.03169775,0.02561374,0.01924214,0.01433282,0.01190445,0.00995489
133,0.00461690201700808,0.992809,0.988906,0.313872,0.181148,0.08947656,0.06687937,0.04244275,0.03619321,0.0306611,0.02472127,0.01828368,0.01374574,0.01157989,0.009569007
134,0.00465187841521805,0.992551,0.987421,0.275922,0.163241,0.08616282,0.06349315,0.04000189,0.03452652,0.02974379,0.02379155,0.01738175,0.01324128,0.01125821,0.009179034
135,0.00468685481342801,0.99227,0.985158,0.268171,0.146824,0.08345829,0.06003291,0.0378646,0.03311513,0.0289023,0.02282883,0.01654791,0.01280953,0.0109311,0.008790866
136,0.00472183121163798,0.991961,0.981321,0.266812,0.132412,0.08107246,0.05657096,0.03602192,0.03191988,0.02809862,0.02184314,0.01578979,0.01243771,0.01059321,0.008411049
137,0.00475680760984795,0.991617,0.973876,0.263064,0.120253,0.07878084,0.05318223,0.03445142,0.03089706,0.0273018,0.02084872,0.01511079,0.01211137,0.01024223,0.008046092
138,0.00479178400805791,0.991231,0.957107,0.254777,0.110363,0.07642462,0.04993643,0.03312029,0.03000185,0.02648903,0.01986206,0.01451019,0.01181568,0.009878639,0.007701765
139,0.00482676040626788,0.990794,0.914987,0.242222,0.102575,0.07390585,0.0468929,0.03198886,0.02919133,0.02564576,0.01890027,0.01398339,0.0115365,0.009505318,0.007382703
140,0.00486173680447785,0.990289,0.814252,0.226466,0.09660283,0.07117901,0.04409743,0.03101425,0.02842708,0.02476537,0.01797961,0.01352273,0.01126137,0.009127024,0.007091912
141,0.00489671320268781,0.989697,0.633648,0.20876,0.09209334,0.06824097,0.04157979,0.03015335,0.02767682,0.02384836,0.01711414,0.01311812,0.01098022,0.008749666,0.006830711
142,0.00493168960089778,0.988985,0.43578,0.190312,0.08867908,0.0651209,0.0393536,0.02936559,0.02691554,0.02290109,0.01631481,0.01275808,0.01068578,0.008379746,0.00659864
143,0.00496666599910774,0.988103,0.31405,0.172175,0.08601248,0.06187068,0.03741756,0.02861522,0.02612599,0.02193453,0.01558891,0.01243058,0.01037392,0.008023703,0.006393658
144,0.00500164239731771,0.986968,0.271561,0.155188,0.08378944,0.05855568,0.03575681,0.0278725,0.02529851,0.0209626,0.01493983,0.01212393,0.01004338,0.007687186,0.006212408
145,0.00503661879552768,0.985432,0.265864,0.139951,0.08176178,0.05524697,0.03434572,0.02711479,0.02443045,0.02000082,0.01436701,0.01182743,0.009695708,0.007374845,0.006050523
146,0.00507159519373764,0.983216,0.268898,0.126816,0.07974138,0.05201486,0.03315081,0.02632679,0.02352532,0.01906489,0.01386643,0.01153209,0.009334755,0.00708981,0.005903126
147,0.00510657159194761,0.97975,0.2697,0.115907,0.07759815,0.04892341,0.0321338,0.02550034,0.02259159,0.01816945,0.01343109,0.01123097,0.008966029,0.006833619,0.005765179
148,0.00514154799015758,0.973767,0.265352,0.107159,0.07525416,0.04602657,0.03125434,0.02463377,0.02164129,0.01732706,0.01305167,0.01091937,0.008596175,0.006606182,0.005631906
149,0.00517652438836754,0.962226,0.2559,0.100366,0.07267632,0.04336565,0.03047276,0.02373111,0.02068878,0.01654762,0.01271741,0.01059496,0.008232305,0.006405859,0.005499164
150,0.00521150078657751,0.93755,0.242352,0.0952314,0.06986766,0.04096785,0.02975215,0.02280093,0.01974945,0.01583767,0.01241682,0.01025759,0.007881361,0.006229708,0.005363661
151,0.00524647718478748,0.882367,0.225957,0.09141505,0.06685875,0.0388462,0.02905998,0.02185506,0.01883827,0.01520037,0.0121385,0.009909047,0.007549562,0.006073778,0.005223163
152,0.00528145358299744,0.76868,0.207957,0.0885736,0.06369998,0.03700043,0.02836943,0.02090744,0.0179691,0.01463557,0.01187186,0.009552835,0.007241971,0.005933471,0.005076556
153,0.00531642998120741,0.588247,0.189478,0.08638705,0.06045353,0.03541826,0.02765986,0.01997287,0.01715361,0.01413991,0.01160759,0.009193473,0.006962218,0.005803942,0.004923814
154,0.00535140637941737,0.40402,0.171477,0.08457736,0.05718704,0.03407761,0.02691715,0.01906584,0.01640073,0.01370744,0.01133817,0.008836278,0.006712244,0.005680428,0.004765921
155,0.00538638277762734,0.294744,0.154709,0.08291733,0.05396834,0.03294909,0.02613351,0.01819964,0.0157163,0.01333005,0.01105807,0.008486763,0.006492342,0.005558602,0.004604639
156,0.00542135917583731,0.259742,0.139709,0.08123337,0.05086033,0.03199832,0.02530697,0.01738555,0.01510301,0.01299824,0.01076395,0.00815023,0.006301196,0.005434859,0.004442344
157,0.00545633557404727,0.259455,0.126791,0.07940342,0.04791771,0.03118853,0.02444063,0.01663231,0.01456031,0.01270168,0.01045454,0.007831423,0.006136075,0.005306487,0.00428174
158,0.00549131197225724,0.267187,0.116065,0.0773521,0.04518471,0.03048274,0.02354186,0.01594578,0.01408485,0.0124299,0.01013057,0.007534164,0.00599313,0.005171793,0.004125577
159,0.00552628837046721,0.272201,0.107471,0.07504413,0.04269321,0.0298456,0.02262115,0.01532874,0.01367076,0.01217291,0.009794419,0.007261168,0.005867742,0.005030115,0.003976459
160,0.00556126476867717,0.271561,0.100819,0.0724775,0.04046259,0.0292451,0.02169117,0.01478104,0.01331031,0.01192167,0.009449886,0.007013929,0.005754869,0.004881824,0.003836581
161,0.00559624116688714,0.265262,0.095833,0.06967617,0.0384998,0.02865362,0.02076566,0.01429974,0.01299431,0.01166849,0.00910168,0.00679265,0.005649403,0.004728125,0.003707571
162,0.0056312175650971,0.254256,0.09219432,0.06668305,0.03680027,0.02804877,0.01985844,0.01387955,0.01271287,0.01140736,0.0087551,0.006596333,0.00554655,0.004570944,0.003590426
163,0.00566619396330707,0.239741,0.08957515,0.06355426,0.03534977,0.02741375,0.01898277,0.01351328,0.01245596,0.01113408,0.008415572,0.006422919,0.005442106,0.004412718,0.003485434
164,0.00570117036151704,0.222916,0.08766463,0.06035286,0.03412584,0.02673745,0.01815031,0.01319236,0.01221389,0.0108463,0.008088324,0.006269478,0.005332677,0.004256131,0.003392178
165,0.005736146759727,0.204894,0.08618639,0.05714399,0.03310002,0.02601415,0.01737078,0.01290736,0.01197782,0.01054346,0.00777795,0.006132415,0.005215847,0.004103857,0.003309615
166,0.00577112315793697,0.186661,0.08490831,0.05399115,0.03224003,0.02524318,0.01665146,0.01264864,0.01174017,0.01022667,0.007488295,0.006007792,0.005090264,0.003958445,0.003236203
167,0.00580609955614694,0.169048,0.08364611,0.05095216,0.03151168,0.0244282,0.0159971,0.01240677,0.01149484,0.009898422,0.007222087,0.005891554,0.004955634,0.003822025,0.00317001
168,0.0058410759543569,0.15271,0.0822629,0.04807698,0.03088067,0.02357654,0.01540967,0.01217299,0.0112374,0.009562326,0.00698097,0.005779778,0.004812627,0.003696224,0.003108927
169,0.00587605235256687,0.138111,0.08066583,0.04540592,0.0303143,0.02269818,0.01488856,0.01193969,0.01096519,0.009222798,0.00676539,0.005668934,0.004662789,0.003582057,0.003050794
170,0.00591102875077684,0.125527,0.07880094,0.04296812,0.02978265,0.02180514,0.01443082,0.01170054,0.01067722,0.008884636,0.006574657,0.005556019,0.004508372,0.003479861,0.00299358
171,0.0059460051489868,0.11506,0.07664756,0.04078174,0.02925961,0.0209104,0.01403142,0.01145073,0.0103741,0.008552854,0.00640706,0.005438732,0.004352034,0.003389341,0.00293552
172,0.00598098154719677,0.106662,0.07421234,0.03885395,0.02872356,0.02002722,0.01368367,0.01118714,0.01005781,0.008232167,0.006260016,0.005315551,0.004196708,0.003309593,0.002875237
173,0.00601595794540673,0.100166,0.07152303,0.03718186,0.02815777,0.01916837,0.01337967,0.01090822,0.009731528,0.007926881,0.006130263,0.005185751,0.004045343,0.003239211,0.002811793
174,0.0060509343436167,0.09532804,0.06862333,0.03575355,0.02755039,0.01834553,0.0131108,0.01061396,0.009399248,0.007640544,0.006014116,0.005049363,0.00390066,0.003176418,0.002744746
175,0.00608591074182667,0.09185992,0.06556763,0.03454984,0.02689452,0.01756872,0.0128681,0.01030578,0.009065505,0.007375877,0.005907667,0.004907162,0.003765038,0.003119192,0.002674137
176,0.00612088714003663,0.08945757,0.06241642,0.03354571,0.02618774,0.01684594,0.01264282,0.009986239,0.008735128,0.007134604,0.005807045,0.004760489,0.003640292,0.003065444,0.00260045
177,0.0061558635382466,0.08782666,0.05923234,0.03271231,0.02543174,0.01618302,0.01242668,0.009658831,0.008412851,0.006917445,0.005708619,0.004611182,0.003527645,0.00301314,0.00252455
178,0.00619083993645657,0.0866983,0.05607667,0.03201837,0.02463169,0.01558334,0.01221232,0.009327728,0.008103112,0.006724116,0.005609164,0.004461363,0.003427627,0.002960447,0.002447564
179,0.00622581633466653,0.08583956,0.05300635,0.031432,0.02379565,0.01504796,0.01199343,0.008997434,0.007809789,0.006553397,0.005506034,0.004313298,0.003340102,0.002905845,0.002370805
180,0.0062607927328765,0.08505817,0.05007206,0.03092196,0.02293372,0.01457565,0.01176505,0.008672565,0.007536055,0.006403273,0.005397249,0.004169255,0.003264291,0.002848209,0.00229563
181,0.00629576913108646,0.08420379,0.04731603,0.03045896,0.02205752,0.01416324,0.01152358,0.008357565,0.007284194,0.006271059,0.005281547,0.004031305,0.003198883,0.002786856,0.002223349
182,0.00633074552929643,0.08316604,0.04477137,0.03001649,0.02117937,0.01380571,0.01126689,0.008056468,0.007055568,0.00615359,0.005158412,0.003901261,0.003142111,0.002721561,0.002155098
183,0.0063657219275064,0.08187126,0.04246143,0.02957169,0.02031169,0.01349672,0.01099422,0.00777275,0.006850603,0.006047423,0.005028056,0.003780547,0.003091928,0.002652527,0.002091788
184,0.00640069832571636,0.08027788,0.04039944,0.02910561,0.01946641,0.01322885,0.01070611,0.0075091,0.006668776,0.005949005,0.004891297,0.00367008,0.003046126,0.002580387,0.00203402
185,0.00643567472392633,0.07837188,0.03858943,0.02860361,0.01865445,0.01299407,0.01040427,0.007267377,0.006508729,0.005854873,0.004749532,0.003570313,0.003002494,0.002506063,0.001982066
186,0.0064706511221363,0.07616194,0.03702672,0.02805544,0.01788527,0.01278407,0.01009138,0.007048591,0.006368388,0.005761846,0.004604563,0.003481188,0.002958962,0.002430719,0.001935857
187,0.00650562752034626,0.07367458,0.03569903,0.02745499,0.01716669,0.01259065,0.009770872,0.006852807,0.006245075,0.005667108,0.004458482,0.003402164,0.002913712,0.002355671,0.001895003
188,0.00654062137184875,0.07094999,0.03458776,0.02680012,0.01650444,0.01240607,0.00944667,0.006679291,0.006135697,0.005568363,0.004313498,0.003332287,0.00286528,0.00228224,0.001858839
189,0.00657559777005872,0.06803802,0.03366951,0.02609224,0.01590233,0.01222326,0.009123012,0.006526526,0.006036917,0.005463914,0.004171865,0.003270245,0.002812634,0.002211695,0.00182649
190,0.00661057416826868,0.06499454,0.0329174,0.02533589,0.01536198,0.0120361,0.008804239,0.006392354,0.005945327,0.005352688,0.004035665,0.003214496,0.002755201,0.002145151,0.001796928
191,0.00664555056647865,0.06187789,0.03230245,0.02453816,0.01488308,0.01183955,0.008494427,0.006274092,0.005857595,0.005234234,0.003906724,0.003163332,0.002692872,0.002083472,0.001769074
192,0.00668052696468862,0.05874652,0.03179502,0.02370814,0.01446342,0.01162982,0.008197406,0.00616872,0.005770666,0.005108729,0.003786559,0.003115012,0.002625987,0.002027262,0.001741865
193,0.00671550336289858,0.05565622,0.03136585,0.02285641,0.01409918,0.01140434,0.007916455,0.006073016,0.005681823,0.004976916,0.003676238,0.003067855,0.002555287,0.001976803,0.001714331
194,0.00675047976110855,0.05265838,0.03098713,0.02199436,0.01378515,0.01116183,0.007654202,0.00598373,0.00558885,0.004839981,0.003576385,0.003020337,0.002481813,0.001932067,0.001685662
195,0.00678545615931851,0.04979789,0.03063332,0.02113369,0.01351503,0.01090218,0.007412571,0.005897705,0.005490062,0.004699535,0.003487153,0.002971151,0.002406872,0.001892711,0.001655255
196,0.00682043255752848,0.04711247,0.03028177,0.02028597,0.01328174,0.01062638,0.007192729,0.005812048,0.005384358,0.0045574,0.003408233,0.002919294,0.002331851,0.001858137,0.001622738
197,0.00685540895573845,0.04463175,0.02991326,0.01946206,0.0130778,0.0103364,0.006995051,0.00572424,0.005271249,0.004415612,0.003338903,0.002864088,0.002258213,0.001827532,0.001587998
198,0.00689038535394841,0.04237685,0.02951209,0.0186719,0.01289553,0.01003501,0.006819128,0.005632196,0.00515081,0.004276177,0.003278077,0.002805208,0.002187339,0.001799932,0.001551168
199,0.00692536175215838,0.0403602,0.02906642,0.01792397,0.01272744,0.009725587,0.006663873,0.005534348,0.005023652,0.004141058,0.003224387,0.002742666,0.002120453,0.001774294,0.001512584
200,0.00696033815036835,0.03858655,0.02856814,0.01722534,0.01256645,0.009411933,0.006527591,0.005429695,0.004890844,0.004012044,0.003176267,0.002676798,0.002058552,0.001749569,0.001472775
201,0.00699531454857831,0.03705268,0.0280127,0.01658122,0.01240608,0.0090981,0.006408052,0.005317774,0.004753849,0.003890628,0.003132046,0.00260823,0.002002351,0.001724772,0.001432396
202,0.00703029094678828,0.03574886,0.02739892,0.01599504,0.01224068,0.00878816,0.006302653,0.00519868,0.004614389,0.003777987,0.003090035,0.002537793,0.001952247,0.001699046,0.001392173
203,0.00706526734499825,0.03465978,0.02672867,0.01546851,0.01206557,0.008486045,0.006208534,0.005072996,0.004474377,0.003674934,0.003048636,0.002466496,0.001908318,0.001671709,0.001352863
204,0.00710024374320821,0.03376537,0.02600647,0.01500148,0.0118771,0.008195391,0.006122698,0.004941726,0.004335788,0.00358186,0.003006395,0.002395429,0.001870313,0.001642283,0.001315157
205,0.00713522014141818,0.03304225,0.02523901,0.0145922,0.01167271,0.007919376,0.006042151,0.004806258,0.004200541,0.003498755,0.002962088,0.002325701,0.001837694,0.001610528,0.001279667
206,0.00717019653962814,0.03246468,0.02443486,0.0142375,0.01145094,0.007660733,0.005964043,0.004668233,0.004070465,0.003425237,0.002914761,0.002258386,0.001809688,0.001576426,0.001246864
207,0.00720517293783811,0.03200573,0.02360373,0.01393287,0.01121137,0.007421424,0.005885739,0.004529456,0.003947137,0.003360564,0.002863775,0.002194427,0.001785323,0.001540197,0.00121706
208,0.00724014933604808,0.03163827,0.02275628,0.01367282,0.01095457,0.007202842,0.005804942,0.004391799,0.003831856,0.003303698,0.002808793,0.002134604,0.001763528,0.001502236,0.001190378
209,0.00727512573425804,0.03133584,0.02190352,0.01345112,0.01068203,0.00700563,0.005719754,0.004257145,0.003725609,0.003253382,0.00274983,0.002079506,0.001743172,0.001463102,0.001166769
210,0.00731010213246801,0.03107343,0.02105646,0.01326096,0.01039598,0.00682978,0.00562871,0.004127237,0.003628989,0.003208176,0.00268717,0.002029474,0.001723155,0.001423463,0.001145996
211,0.00734507853067798,0.03082802,0.02022572,0.01309533,0.01009924,0.006674606,0.005530857,0.004003627,0.003542221,0.003166574,0.002621393,0.001984615,0.00170247,0.00138404,0.001127689
212,0.00738005492888794,0.03057924,0.01942114,0.01294718,0.009795183,0.006538857,0.005425697,0.003887614,0.003465161,0.003127054,0.002553286,0.001944806,0.001680252,0.001345559,0.001111349
213,0.00741503132709791,0.03030951,0.01865152,0.01280971,0.009487381,0.006420742,0.00531322,0.003780213,0.003397308,0.003088162,0.002483782,0.001909686,0.001655836,0.001308705,0.001096406
214,0.00745000772530787,0.03000435,0.01792448,0.01267649,0.009179651,0.006318079,0.00519387,0.003682075,0.003337856,0.003048575,0.002413954,0.001878717,0.001628771,0.001274055,0.001082256
215,0.00748498412351784,0.02965255,0.01724619,0.01254174,0.008875763,0.006228355,0.005068468,0.003593517,0.003285738,0.003007147,0.002344883,0.001851198,0.001598853,0.001242079,0.001068306
216,0.00751996052172781,0.02924602,0.01662128,0.01240038,0.008579346,0.006148858,0.00493818,0.003514488,0.003239684,0.002962972,0.002277638,0.001826326,0.001566109,0.001213072,0.001054013
217,0.00755493691993777,0.02877978,0.01605287,0.01224815,0.008293795,0.006076786,0.004804425,0.003444615,0.003198296,0.002915391,0.002213218,0.00180324,0.001530797,0.001187175,0.001038919
218,0.00758991331814774,0.02825181,0.0155424,0.01208174,0.008022029,0.006009348,0.004668853,0.003383216,0.00316011,0.002864038,0.002152477,0.001781063,0.001493364,0.001164349,0.001022683
219,0.00762488971635771,0.02766275,0.01508986,0.01189872,0.007766582,0.005943867,0.004533142,0.003329347,0.003123664,0.002808802,0.00209609,0.001758967,0.001454419,0.001144395,0.0010051
220,0.00765986611456767,0.02701567,0.01469379,0.01169769,0.007529444,0.005877883,0.004399059,0.003281869,0.003087574,0.00274986,0.002044557,0.001736207,0.001414686,0.001126969,0.0009860964
221,0.00769484251277764,0.02631574,0.01435145,0.01147809,0.007311974,0.005809207,0.004268299,0.003239477,0.003050576,0.002687609,0.001998129,0.001712158,0.001374943,0.001111611,0.0009657454
222,0.00772981891098761,0.02556978,0.01405895,0.0112403,0.007114972,0.005735995,0.004142426,0.003200798,0.003011584,0.002622681,0.001956849,0.00168635,0.001335982,0.00109778,0.0009442461
223,0.00776479530919757,0.02478614,0.01381146,0.01098545,0.006938613,0.00565681,0.004022839,0.003164425,0.002969739,0.00255586,0.001920534,0.001658472,0.001298554,0.001084898,0.0009218956
224,0.00779977170740754,0.02397409,0.01360343,0.01071537,0.006782504,0.005570622,0.003910702,0.003129,0.002924409,0.002488041,0.001888805,0.001628399,0.001263316,0.001072373,0.0008990848
225,0.00783474810561751,0.02314354,0.01342877,0.01043254,0.006645723,0.005476825,0.003806875,0.003093255,0.002875232,0.002420209,0.001861106,0.001596179,0.001230807,0.001059656,0.0008762364
226,0.00786972450382747,0.02230478,0.01328105,0.01013979,0.006526863,0.005375259,0.003711968,0.003056068,0.002822097,0.002353334,0.00183675,0.001562011,0.001201412,0.001046264,0.0008537946
227,0.00790470090203744,0.02146807,0.01315376,0.009840408,0.006424108,0.005266154,0.003626248,0.003016499,0.002765151,0.00228839,0.001814946,0.001526264,0.001175344,0.00103181,0.0008321821
228,0.0079396773002474,0.0206433,0.01304041,0.009537851,0.006335323,0.005150125,0.00354969,0.002973828,0.002704765,0.002226238,0.001794852,0.001489398,0.001152635,0.001016024,0.000811778
229,0.00797465369845737,0.01983986,0.01293483,0.009235661,0.006258137,0.005028102,0.003481978,0.002927569,0.002641507,0.002167633,0.001775626,0.001451954,0.001133149,0.000998766,0.0007928789
230,0.00800963009666734,0.01906623,0.01283119,0.008937316,0.006190019,0.004901297,0.00342252,0.002877478,0.002576117,0.002113182,0.001756453,0.00141454,0.001116587,0.0009800277,0.0007756955
231,0.0080446064948773,0.01832995,0.01272425,0.008646197,0.006128391,0.004771124,0.003370493,0.002823546,0.002509452,0.002063303,0.001736596,0.001377758,0.00110252,0.0009599261,0.0007603273
232,0.00807958289308727,0.01763745,0.01260937,0.008365432,0.006070694,0.004639167,0.003324887,0.002766004,0.002442445,0.002018239,0.001715426,0.001342193,0.00109041,0.0009386945,0.0007467684
233,0.00811455929129724,0.01699376,0.01248268,0.008097744,0.006014485,0.004507039,0.003284545,0.002705265,0.002376045,0.001978032,0.001692448,0.001308364,0.001079655,0.0009166475,0.0007349091
234,0.0081495356895072,0.01640268,0.01234106,0.007845524,0.005957506,0.00437642,0.003248225,0.002641949,0.002311192,0.001942537,0.001667324,0.001276714,0.001069627,0.0008941779,0.0007245439
235,0.00818451208771717,0.01586663,0.01218222,0.007610651,0.005897734,0.004248891,0.003214628,0.002576791,0.002248768,0.001911435,0.001639875,0.001247569,0.001059699,0.0008717146,0.0007153922
236,0.00821948848592714,0.01538671,0.01200468,0.007394542,0.00583345,0.00412595,0.003182488,0.002510627,0.002189539,0.001884255,0.001610084,0.001221135,0.0010493,0.0008496839,0.0007071237
237,0.0082544648841371,0.0149627,0.01180778,0.007198074,0.005763261,0.004008929,0.00315059,0.002444363,0.002134159,0.0018604,0.001578098,0.001197494,0.001037931,0.0008285044,0.0006993749
238,0.00828944128234707,0.01459322,0.0115916,0.007021588,0.005686141,0.003898945,0.003117815,0.002378902,0.002083116,0.001839183,0.001544205,0.001176592,0.001025201,0.0008085316,0.0006917844
239,0.00832441768055703,0.01427572,0.01135696,0.006864929,0.00560143,0.003796887,0.003083196,0.002315144,0.002036721,0.001819855,0.001508804,0.001158254,0.001010838,0.000790059,0.0006840082
240,0.008359394078767,0.01400677,0.0111053,0.006727468,0.005508847,0.003703374,0.003045934,0.002253896,0.001995115,0.001801656,0.001472401,0.001142196,0.0009947123,0.000773291,0.0006757543
241,0.00839437047697697,0.01378205,0.01083862,0.006608123,0.005408461,0.003618774,0.003005416,0.00219588,0.001958252,0.001783826,0.001435556,0.001128048,0.00097682,0.0007583351,0.0006667884
242,0.00842934687518693,0.01359663,0.0105594,0.006505444,0.005300679,0.003543162,0.00296125,0.002141682,0.001925918,0.001765672,0.001398856,0.001115376,0.0009572851,0.0007451964,0.0006569546
243,0.0084643232733969,0.01344505,0.01027044,0.006417636,0.005186219,0.003476344,0.002913237,0.002091753,0.001897745,0.001746568,0.001362898,0.001103697,0.0009363682,0.0007337754,0.0006461858
244,0.00849929967160687,0.01332153,0.009974864,0.00634266,0.005066055,0.003417888,0.002861411,0.002046376,0.001873228,0.001725994,0.001328236,0.001092526,0.0009144036,0.0007238915,0.0006344947
245,0.00853427606981683,0.01322011,0.009675929,0.006278286,0.004941382,0.003367136,0.002805973,0.002005656,0.001851758,0.001703554,0.001295375,0.001081393,0.0008917984,0.0007152875,0.0006219785
246,0.0085692524680268,0.01313485,0.009376924,0.006222175,0.004813554,0.003323238,0.002747321,0.001969543,0.001832649,0.00167899,0.001264722,0.001069861,0.0008690291,0.0007076483,0.0006088078
247,0.00860422886623677,0.01305992,0.009081144,0.006171948,0.00468405,0.003285194,0.002686007,0.00193782,0.001815172,0.001652179,0.001236595,0.001057562,0.0008465503,0.0007006282,0.0005951974
248,0.00863920526444673,0.01298976,0.008791711,0.006125252,0.004554366,0.003251885,0.002622697,0.001910132,0.001798594,0.001623144,0.00121119,0.001044199,0.0008248232,0.0006938719,0.000581417
249,0.0086741816626567,0.01291917,0.008511583,0.006079825,0.004426063,0.003222123,0.002558167,0.001885994,0.001782199,0.001592025,0.00118858,0.001029577,0.000804256,0.0006870365,0.0005677405
250,0.00870915806086666,0.01284348,0.008243391,0.00603357,0.004300608,0.003194706,0.002493212,0.001864837,0.001765316,0.001559109,0.001168722,0.001013588,0.0007851984,0.0006798083,0.0005544395
251,0.00874413445907663,0.01275853,0.007989454,0.005984589,0.004179366,0.003168432,0.002428703,0.001845995,0.001747367,0.001524764,0.001151453,0.0009962345,0.0007679096,0.0006719372,0.0005417783
252,0.0087791108572866,0.01266082,0.007751684,0.005931238,0.004063603,0.003142176,0.002365449,0.001828785,0.001727861,0.001489434,0.001136518,0.0009775998,0.0007525524,0.0006632269,0.0005299643
253,0.00881408725549656,0.01254747,0.007531588,0.005872139,0.003954382,0.003114885,0.002304237,0.001812504,0.001706426,0.001453634,0.001123561,0.0009578755,0.0007391867,0.0006535717,0.0005191587
254,0.00884906365370653,0.01241634,0.007330186,0.005806229,0.003852576,0.003085647,0.002245791,0.001796459,0.001682824,0.001417881,0.001112177,0.0009373058,0.0007277624,0.0006429309,0.0005094606
255,0.0088840400519165,0.01226595,0.007148126,0.005732767,0.003758834,0.003053688,0.0021907,0.00178002,0.001656942,0.001382733,0.001101904,0.0009162063,0.0007181415,0.0006313486,0.0005009014
256,0.00891901645012646,0.01209553,0.006985519,0.005651327,0.003673572,0.003018412,0.00213946,0.001762611,0.001628808,0.001348699,0.001092268,0.000894914,0.0007100886,0.0006189483,0.0004934418
257,0.00895399284833643,0.01190494,0.006842104,0.005561796,0.003596976,0.002979399,0.002092422,0.001743756,0.001598551,0.001316226,0.001082804,0.0008737828,0.0007033068,0.0006059116,0.000486981
258,0.0089889692465464,0.0116947,0.006717186,0.005464382,0.003528976,0.002936417,0.002049807,0.001723082,0.001566435,0.001285725,0.001073067,0.0008531835,0.0006974442,0.000592463,0.0004813673
259,0.00902394564475636,0.01146587,0.006609711,0.005359557,0.003469311,0.002889435,0.002011663,0.001700332,0.001532815,0.001257504,0.001062666,0.0008334276,0.0006921237,0.0005788662,0.0004764024
260,0.00905892204296633,0.01122004,0.006518295,0.005248044,0.003417488,0.002838563,0.001977925,0.001675374,0.001498124,0.001231782,0.001051278,0.00081481,0.0006869627,0.0005653947,0.000471861
261,0.0090938984411763,0.01095921,0.006441279,0.005130806,0.003372835,0.002784118,0.001948362,0.001648196,0.001462828,0.00120868,0.001038652,0.0007975654,0.0006815972,0.0005523172,0.0004675138
262,0.00912887483938626,0.01068579,0.006376789,0.005008955,0.003334538,0.00272655,0.001922642,0.001618904,0.00142745,0.001188205,0.001024633,0.000781848,0.0006756982,0.0005398748,0.0004631275
263,0.00916385123759623,0.01040247,0.006322773,0.004883776,0.003301652,0.002666411,0.001900317,0.001587709,0.001392511,0.001170271,0.001009157,0.0007677529,0.0006689985,0.0005282807,0.0004584947
264,0.00919882763580619,0.01011213,0.006277092,0.004756628,0.003273129,0.002604405,0.001880851,0.001554939,0.001358504,0.00115469,0.000992251,0.000755289,0.0006612966,0.0005176949,0.000453444
265,0.00923380403401616,0.009817769,0.006237546,0.004628916,0.003247888,0.002541245,0.001863658,0.001520955,0.001325914,0.001141197,0.0009740249,0.0007443933,0.0006524705,0.00050821,0.0004478457
266,0.00926878043222613,0.00952248,0.006201952,0.004502052,0.003224814,0.002477747,0.001848098,0.001486223,0.001295133,0.001129461,0.0009546701,0.0007349311,0.0006424839,0.0004998666,0.0004416235
267,0.00930375683043609,0.009229258,0.006168199,0.004377442,0.003202816,0.002414671,0.001833528,0.001451207,0.001266489,0.001119097,0.000934447,0.0007267118,0.0006313766,0.0004926354,0.0004347559
268,0.00933873322864606,0.008941103,0.006134256,0.004256402,0.003180836,0.002352838,0.001819311,0.001416409,0.001240242,0.001109686,0.0009136706,0.000719493,0.0006192729,0.0004864311,0.0004272741
269,0.00937370962685602,0.008660714,0.006098284,0.004140132,0.003157913,0.002292954,0.001804851,0.001382322,0.001216542,0.001100803,0.0008926656,0.0007129982,0.0006063515,0.0004811132,0.0004192595
270,0.00940868602506599,0.008390687,0.006058624,0.004029675,0.003133178,0.002235719,0.001789597,0.001349396,0.001195442,0.001092027,0.0008717864,0.0007069415,0.0005928544,0.0004764977,0.0004108494
271,0.00944366242327596,0.008133261,0.006013845,0.003925958,0.00310588,0.002181696,0.001773076,0.001318056,0.001176907,0.001082964,0.0008513842,0.0007010221,0.0005790577,0.0004723738,0.0004021896
272,0.00947863882148592,0.007890457,0.005962759,0.00382969,0.003075421,0.00213137,0.001754899,0.00128865,0.0011608,0.001073259,0.000831785,0.0006949672,0.0005652586,0.0004685151,0.0003934636
273,0.00951361521969589,0.007663828,0.005904458,0.003741397,0.003041355,0.002085094,0.001734783,0.001261458,0.00114691,0.001062622,0.0008132779,0.0006885231,0.0005517474,0.0004646968,0.0003848572
274,0.00954859161790586,0.007454655,0.005838278,0.003661414,0.003003386,0.002043113,0.001712535,0.001236671,0.00113495,0.001050822,0.0007960945,0.0006814808,0.0005388068,0.0004607018,0.0003765515
275,0.00958356801611582,0.00726378,0.005763866,0.003589828,0.00296139,0.002005517,0.001688082,0.001214392,0.001124572,0.001037705,0.000780415,0.0006736783,0.0005266776,0.0004563477,0.0003687057
276,0.00961854441432579,0.007091695,0.005681125,0.00352657,0.002915403,0.001972282,0.001661454,0.001194639,0.0011154,0.001023205,0.0007663453,0.0006650161,0.0005155645,0.000451483,0.0003614496
277,0.00965352081253576,0.006938493,0.005590218,0.003471359,0.002865602,0.001943261,0.001632774,0.001177335,0.001107015,0.001007317,0.0007539237,0.0006554539,0.0005056082,0.0004460045,0.0003548789
278,0.00968849721074572,0.006803932,0.005491573,0.003423739,0.002812306,0.001918184,0.001602261,0.001162322,0.001099013,0.0009901313,0.000743112,0.0006450078,0.0004968863,0.0004398622,0.0003490467
279,0.00972347360895569,0.006687375,0.005385798,0.003383103,0.002755963,0.001896682,0.001570222,0.001149368,0.001090994,0.0009717979,0.0007338117,0.0006337484,0.0004894121,0.0004330528,0.0003439562
280,0.00975845000716565,0.006587906,0.005273738,0.003348704,0.002697105,0.001878299,0.00153701,0.001138181,0.001082584,0.0009525302,0.0007258588,0.0006218146,0.0004831368,0.0004256261,0.0003395719
281,0.00979342640537562,0.006504313,0.005156393,0.003319682,0.002636381,0.001862511,0.001503033,0.001128419,0.001073453,0.0009325824,0.0007190405,0.000609364,0.0004779468,0.0004176769,0.0003358135
282,0.00982840280358559,0.00643514,0.005034873,0.003295099,0.002574458,0.001848748,0.001468742,0.001119708,0.001063329,0.0009122434,0.0007131063,0.0005966013,0.0004736764,0.0004093394,0.0003325701
283,0.00986337920179555,0.006378742,0.004910433,0.003273966,0.002512084,0.001836412,0.001434598,0.001111656,0.001052004,0.0008918375,0.0007077833,0.0005837474,0.0004701238,0.0004007679,0.0003297025
284,0.00989835560000552,0.0063333,0.004784342,0.003255258,0.002449976,0.001824891,0.001401031,0.001103876,0.001039338,0.0008716705,0.0007027795,0.0005710245,0.0004670575,0.0003921456,0.0003270596
285,0.00993333199821549,0.006296883,0.00465792,0.003237956,0.002388861,0.001813593,0.00136849,0.001095988,0.001025268,0.0008520625,0.0006978121,0.0005586568,0.0004642303,0.0003836481,0.0003244829
286,0.00996830839642545,0.006267508,0.004532485,0.003221075,0.002329427,0.001801946,0.001337357,0.001087646,0.001009806,0.0008332903,0.0006926171,0.0005468492,0.0004613994,0.0003754556,0.0003218206
287,0.0100032847946354,0.006243171,0.004409342,0.003203673,0.00227231,0.001789451,0.001307985,0.001078549,0.000993027,0.0008155999,0.0006869552,0.0005357763,0.0004583363,0.0003677192,0.0003189397
288,0.0100382611928454,0.006221869,0.004289659,0.003184896,0.0022181,0.001775644,0.001280641,0.001068445,0.0009750844,0.0007991954,0.0006806281,0.0005255745,0.0004548388,0.0003605733,0.00031573
289,0.0100732375910554,0.006201707,0.00417456,0.003163979,0.002167241,0.001760162,0.001255542,0.001057145,0.0009561728,0.0007842261,0.000673488,0.0005163403,0.0004507454,0.0003541081,0.0003121136
290,0.0101082139892653,0.006180843,0.004065061,0.003140268,0.002120146,0.001742709,0.001232816,0.001044531,0.0009365487,0.0007707789,0.0006654381,0.0005081248,0.0004459403,0.0003483811,0.0003080461
291,0.0101431903874753,0.006157597,0.003961959,0.003113238,0.002077068,0.001723095,0.001212523,0.001030546,0.0009164848,0.0007588866,0.0006564393,0.0005009257,0.0004403597,0.000343401,0.000303523
292,0.0101781667856853,0.006130461,0.003866004,0.003082498,0.002038189,0.001701214,0.001194636,0.001015209,0.0008962825,0.0007485098,0.0006465054,0.0004946946,0.000433993,0.0003391416,0.0002985766
293,0.0102131431838952,0.006098099,0.003777698,0.003047788,0.002003549,0.001677064,0.001179055,0.0009985995,0.0008762564,0.0007395616,0.0006357072,0.0004893444,0.0004268817,0.0003355328,0.0002932757
294,0.0102481195821052,0.006059388,0.003697407,0.003008999,0.001973093,0.001650726,0.001165615,0.000980858,0.0008567002,0.0007319031,0.0006241621,0.0004847446,0.0004191178,0.0003324747,0.0002877044
295,0.0102830959803152,0.006013443,0.003625293,0.002966143,0.001946657,0.001622369,0.001154085,0.0009621824,0.0008378961,0.000725341,0.0006120297,0.0004807416,0.0004108317,0.0003298364,0.000281982
296,0.0103180723785251,0.005959592,0.003561367,0.002919388,0.001923981,0.001592238,0.001144187,0.0009427977,0.0008200909,0.0007196629,0.0005995008,0.0004771587,0.00040219,0.0003274761,0.0002762287
297,0.0103530487767351,0.005897393,0.003505466,0.002868982,0.001904715,0.001560647,0.001135598,0.0009229902,0.0008035048,0.0007146172,0.0005867916,0.0004738046,0.0003933749,0.0003252375,0.0002705725
298,0.0103880251749451,0.005826662,0.00345726,0.00281533,0.001888442,0.001527955,0.001127972,0.0009030236,0.0007882849,0.0007099528,0.0005741125,0.0004704942,0.0003845852,0.0003229716,0.0002651387
299,0.010423001573155,0.005747427,0.003416277,0.002758898,0.001874681,0.001494556,0.001120956,0.0008832057,0.0007745482,0.0007054077,0.000561695,0.0004670497,0.0003760187,0.0003205381,0.0002600347
300,0.010457977971365,0.00565993,0.003381919,0.002700232,0.001862913,0.001460887,0.001114189,0.0008638145,0.0007623411,0.0007007381,0.0005497389,0.0004633121,0.0003678492,0.0003178137,0.0002553445
301,0.010492954369575,0.005564609,0.003353475,0.002639958,0.001852584,0.001427367,0.00110732,0.0008451233,0.0007516575,0.0006957179,0.0005384295,0.0004591467,0.0003602424,0.0003147094,0.0002511307
302,0.0105279307677849,0.005462111,0.003330141,0.002578735,0.001843141,0.001394431,0.001100034,0.0008273732,0.0007424338,0.0006901495,0.0005279307,0.0004544555,0.0003533197,0.0003111619,0.0002474231
303,0.0105629071659949,0.005353215,0.00331105,0.002517221,0.00183403,0.001362478,0.001092046,0.0008107717,0.000734559,0.0006838773,0.0005183558,0.0004491728,0.0003471726,0.0003071391,0.000244222
304,0.0105978835642048,0.005238838,0.003295285,0.002456111,0.001824731,0.00133188,0.001083117,0.0007954795,0.0007278731,0.0006767858,0.000509779,0.0004432766,0.0003418461,0.0003026516,0.0002414944
305,0.0106328599624148,0.005120046,0.0032819,0.002396069,0.001814747,0.001302972,0.001073053,0.0007816076,0.0007221802,0.0006688075,0.0005022343,0.0004367808,0.0003373426,0.0002977402,0.0002391846
306,0.0106678363606248,0.004997957,0.003269966,0.002337728,0.001803642,0.00127602,0.001061725,0.0007692161,0.0007172574,0.0006599235,0.0004957085,0.000429736,0.0003336198,0.000292474,0.00023721
307,0.0107028127588347,0.004873737,0.003258553,0.002281648,0.001791035,0.00125123,0.00104906,0.00075831,0.0007128631,0.0006501612,0.0004901461,0.0004222249,0.0003306009,0.0002869447,0.0002354731
308,0.0107377891570447,0.004748605,0.003246786,0.002228379,0.001776616,0.00122876,0.001035047,0.0007488437,0.0007087461,0.0006395949,0.0004854489,0.0004143627,0.000328168,0.0002812717,0.0002338668
309,0.0107727655552547,0.004623802,0.00323385,0.002178342,0.001760156,0.00120867,0.001019727,0.0007407229,0.0007046607,0.0006283383,0.0004814891,0.0004062766,0.0003261858,0.0002755714,0.0002322818
310,0.0108077419534646,0.004500484,0.003219003,0.002131906,0.001741496,0.001190971,0.001003215,0.0007338084,0.0007003754,0.0006165349,0.0004781119,0.0003981176,0.0003244941,0.0002699736,0.0002306133
311,0.0108427183516746,0.004379843,0.003201586,0.002089342,0.001720573,0.001175599,0.0009856396,0.0007279253,0.0006956771,0.0006043673,0.0004751418,0.0003900358,0.0003229279,0.0002645964,0.0002287681
312,0.0108776947498846,0.004262908,0.003181056,0.002050827,0.001697392,0.001162425,0.000967209,0.0007228691,0.0006903871,0.000592015,0.0004723979,0.0003821725,0.0003213247,0.0002595427,0.0002266746
313,0.0109126886013871,0.00415071,0.003156973,0.002016426,0.001672043,0.001151262,0.0009481472,0.0007184125,0.0006843599,0.0005796818,0.0004696954,0.0003746655,0.0003195289,0.0002548997,0.0002242783
314,0.010947664999597,0.004044091,0.003129011,0.001986132,0.001644684,0.001141875,0.000928697,0.000714321,0.0006774936,0.000567569,0.0004668595,0.0003676323,0.0003174119,0.000250731,0.0002215545
315,0.010982641397807,0.003943827,0.003096967,0.001959827,0.001615538,0.001133985,0.0009091317,0.0007103607,0.0006697272,0.0005558635,0.0004637326,0.0003611665,0.0003148626,0.0002470693,0.0002185002
316,0.011017617796017,0.00385053,0.003060756,0.001937315,0.001584898,0.001127281,0.0008897174,0.0007062997,0.0006610504,0.0005447315,0.0004601798,0.0003553356,0.0003118073,0.0002439186,0.000215141
317,0.0110525941942269,0.003764671,0.00302041,0.001918313,0.001553077,0.001121437,0.0008707091,0.0007019304,0.0006514881,0.000534329,0.0004560938,0.0003501703,0.0003082049,0.0002412569,0.0002115277
318,0.0110875705924369,0.003686605,0.002976078,0.001902478,0.001520449,0.00111611,0.0008523656,0.0006970634,0.000641125,0.0005247645,0.0004514056,0.0003456753,0.0003040516,0.0002390321,0.0002077277
319,0.0111225469906469,0.003616495,0.002927996,0.0018894,0.00148739,0.001110964,0.000834899,0.0006915454,0.0006300593,0.0005161238,0.0004460753,0.0003418188,0.0002993816,0.0002371737,0.0002038155
320,0.0111575233888568,0.003554368,0.002876519,0.001878628,0.001454303,0.001105676,0.0008185129,0.0006852582,0.0006184392,0.0005084479,0.0004401032,0.0003385471,0.0002942573,0.0002355888,0.0001998856
321,0.0111924997870668,0.003500126,0.002822074,0.001869676,0.001421578,0.001099943,0.0008033544,0.0006781216,0.0006064276,0.0005017431,0.0004335305,0.0003357748,0.0002887697,0.0002341768,0.000196029
322,0.0112274761852768,0.003453503,0.002765144,0.001862038,0.001389604,0.001093492,0.0007895433,0.0006700982,0.0005942069,0.0004959746,0.0004264204,0.0003333984,0.0002830341,0.0002328296,0.0001923288
323,0.0112624525834867,0.003414134,0.002706278,0.001855196,0.001358734,0.001086094,0.0007771434,0.0006611978,0.0005819742,0.0004910749,0.0004188681,0.0003313022,0.0002771751,0.0002314435,0.0001888657
324,0.0112974289816967,0.003381517,0.002646106,0.001848651,0.001329295,0.001077562,0.0007661768,0.0006514598,0.0005699205,0.0004869459,0.0004109963,0.0003293582,0.000271336,0.0002299206,0.0001856966
325,0.0113324053799067,0.003355055,0.002585195,0.001841911,0.001301569,0.001067756,0.000756618,0.0006409741,0.0005582243,0.0004834603,0.0004029407,0.000327443,0.0002656442,0.0002281793,0.0001828655
326,0.0113673817781166,0.003334067,0.002524205,0.001834519,0.001275793,0.001056594,0.0007484021,0.0006298516,0.0005470638,0.0004804744,0.0003948413,0.0003254333,0.0002602262,0.0002261544,0.0001803934
327,0.0114023581763266,0.003317801,0.002463766,0.001826066,0.001252141,0.001044046,0.0007414176,0.0006182388,0.0005365821,0.0004778251,0.0003868536,0.0003232224,0.0002551925,0.0002238041,0.000178278
328,0.0114373345745366,0.003305443,0.00240447,0.001816185,0.00123074,0.001030131,0.0007355244,0.000606294,0.0005269034,0.0004753495,0.0003791109,0.0003207169,0.0002506287,0.0002211126,0.0001764969
329,0.0114723109727465,0.003296159,0.002346902,0.001804568,0.001211647,0.001014925,0.0007305489,0.0005942043,0.0005181155,0.0004728838,0.0003717469,0.0003178469,0.0002465981,0.0002180841,0.0001750072
330,0.0115072873709565,0.003289083,0.002291589,0.001790973,0.001194864,0.000998544,0.0007262938,0.0005821493,0.0005102697,0.0004702723,0.0003648741,0.000314564,0.0002431326,0.0002147473,0.0001737503
331,0.0115422637691665,0.003283353,0.002239014,0.001775232,0.001180333,0.0009811473,0.0007225542,0.0005703046,0.000503389,0.0004673743,0.0003585787,0.0003108531,0.0002402312,0.0002111601,0.0001726569
332,0.0115772401673764,0.003278129,0.002189565,0.001757233,0.001167939,0.0009629223,0.0007191096,0.0005588479,0.0004974537,0.0004640676,0.0003529257,0.0003067135,0.0002378691,0.0002073839,0.0001716488
333,0.0116122165655864,0.003272601,0.002143613,0.001736946,0.001157519,0.0009441089,0.0007157463,0.0005479378,0.0004924144,0.0004602585,0.0003479462,0.0003021807,0.0002359897,0.0002035006,0.0001706474
334,0.0116471929637964,0.003266008,0.00210139,0.001714407,0.001148864,0.0009249324,0.000712255,0.0005377113,0.0004881852,0.0004558792,0.0003436475,0.0002973089,0.0002345142,0.0001996019,0.0001695778
335,0.0116821693620063,0.003257642,0.00206309,0.001689715,0.001141729,0.0009056479,0.0007084436,0.0005282754,0.0004846604,0.0004508951,0.0003400005,0.0002921725,0.000233347,0.0001957703,0.0001683747
336,0.0117171457602163,0.003246882,0.002028809,0.001663036,0.001135838,0.0008865105,0.0007041438,0.0005197136,0.0004817074,0.0004452986,0.0003369554,0.000286859,0.0002323777,0.0001920947,0.000166984
337,0.0117521221584263,0.003233173,0.001998555,0.00163458,0.001130895,0.0008677734,0.0006992099,0.0005120735,0.0004791769,0.0004391179,0.0003344343,0.0002814667,0.0002314908,0.0001886478,0.0001653671
338,0.0117870985566362,0.003216068,0.001972259,0.001604606,0.001126592,0.0008496618,0.0006935298,0.0005053661,0.0004769157,0.0004324024,0.0003323388,0.0002760963,0.0002305733,0.0001854927,0.0001635057
339,0.0118220749548462,0.003195197,0.001949785,0.001573436,0.001122618,0.0008323974,0.0006870291,0.0004995773,0.0004747589,0.0004252354,0.0003305607,0.0002708553,0.0002295153,0.0001826732,0.0001614024
340,0.0118570513530562,0.003170307,0.00193091,0.001541383,0.001118665,0.0008161633,0.0006796653,0.0004946527,0.0004725543,0.0004177139,0.0003289752,0.0002658347,0.000228225,0.0001802117,0.0001590695
341,0.0118920277512661,0.003141231,0.001915354,0.00150882,0.001114449,0.0008011155,0.0006714315,0.0004905148,0.0004701549,0.0004099567,0.0003274617,0.0002611218,0.0002266243,0.0001781136,0.0001565475
342,0.0119270041494761,0.003107916,0.001902775,0.001476093,0.001109695,0.0007873635,0.0006623572,0.0004870594,0.0004674279,0.0004020912,0.0003258987,0.0002567824,0.0002246617,0.0001763603,0.0001538833
343,0.0119619805476861,0.003070397,0.001892795,0.001443581,0.001104164,0.0007749928,0.0006525069,0.0004841603,0.0004642658,0.0003942492,0.000324173,0.0002528677,0.0002223053,0.0001749173,0.0001511371
344,0.011996956945896,0.003028815,0.001884986,0.001411633,0.001097656,0.0007640345,0.0006419786,0.0004816814,0.0004605792,0.0003865601,0.0003221863,0.0002494056,0.0002195511,0.0001737317,0.0001483701
345,0.012031933344106,0.00298338,0.001878899,0.001380605,0.001090002,0.0007544886,0.0006308913,0.0004794688,0.0004563119,0.0003791493,0.0003198563,0.0002464031,0.0002164203,0.0001727388,0.0001456517
346,0.012066909742316,0.002934411,0.001874067,0.001350798,0.00108108,0.0007463096,0.0006193788,0.0004773745,0.0004514326,0.0003721279,0.0003171214,0.0002438472,0.0002129557,0.0001718652,0.0001430468
347,0.0121018861405259,0.00288227,0.00187002,0.001322496,0.001070816,0.0007394114,0.0006076089,0.0004752493,0.0004459375,0.0003655915,0.0003139499,0.0002417005,0.0002092221,0.0001710343,0.0001406086
348,0.0121368625387359,0.002827401,0.001866286,0.001295948,0.001059175,0.0007336818,0.0005957423,0.0004729498,0.0004398574,0.0003596141,0.0003103248,0.0002399101,0.0002052998,0.0001701706,0.0001383831
349,0.0121718389369459,0.002770298,0.001862419,0.00127135,0.001046175,0.0007289735,0.000583939,0.0004703519,0.0004332455,0.0003542474,0.0003062589,0.0002384101,0.0002012791,0.0001692037,0.0001364022
350,0.0122068153351558,0.002711484,0.001857981,0.001248857,0.001031871,0.0007251174,0.0005723748,0.0004673461,0.0004261804,0.0003495177,0.0003017897,0.0002371164,0.0001972559,0.0001680736,0.0001346813
351,0.0122417917333658,0.00265152,0.001852588,0.001228568,0.001016361,0.0007219278,0.0005612072,0.0004638462,0.0004187582,0.0003454266,0.0002969731,0.0002359462,0.0001933238,0.0001667341,0.0001332213
352,0.0122767681315758,0.002590982,0.001845875,0.00121053,0.0009997889,0.0007192013,0.000550578,0.0004597903,0.0004110862,0.0003419518,0.0002918844,0.0002348093,0.0001895772,0.0001651545,0.0001320049
353,0.0123117445297857,0.002530449,0.001837543,0.001194741,0.000982309,0.0007167358,0.0005406028,0.0004551459,0.0004032917,0.0003390441,0.0002866086,0.0002336219,0.0001860925,0.0001633205,0.0001310021
354,0.0123467209279957,0.002470495,0.001827331,0.001181146,0.0009641282,0.0007143274,0.0005313877,0.0004498994,0.0003955005,0.0003366375,0.0002812424,0.0002323036,0.0001829348,0.0001612364,0.0001301712
355,0.0123816973262057,0.002411679,0.001815043,0.001169644,0.0009454503,0.0007117786,0.0005230085,0.0004440755,0.0003878412,0.0003346455,0.0002758898,0.0002307873,0.0001801513,0.0001589251,0.0001294591
356,0.0124166737244156,0.002354514,0.00180054,0.001160091,0.000926508,0.0007089074,0.0005155133,0.0004377156,0.0003804351,0.0003329703,0.000270647,0.0002290191,0.0001777666,0.0001564214,0.00012881
357,0.0124516501226256,0.002299499,0.00178374,0.001152302,0.0009075302,0.0007055529,0.000508916,0.0004308876,0.0003733897,0.0003315059,0.0002656142,0.00022696,0.000175785,0.0001537755,0.0001281664
358,0.0124866265208356,0.002247075,0.001764628,0.00114606,0.0008887476,0.0007015726,0.0005032072,0.0004236716,0.0003668022,0.0003301404,0.0002608694,0.0002245918,0.00017419,0.0001510446,0.0001274715
359,0.0125216029190455,0.002197622,0.001743235,0.001141118,0.0008703897,0.0006968533,0.0004983487,0.0004161802,0.0003607514,0.0003287651,0.0002564879,0.0002219135,0.0001729444,0.0001482918,0.0001266766
360,0.0125565793172555,0.002151482,0.001719667,0.001137208,0.0008526719,0.0006913131,0.0004942758,0.000408519,0.0003552934,0.0003272729,0.0002525225,0.0002189408,0.0001719923,0.0001455855,0.000125741
361,0.0125915557154654,0.002108901,0.001694063,0.001134056,0.0008357767,0.0006849007,0.0004909027,0.0004008067,0.0003504606,0.000325571,0.000249009,0.0002157088,0.0001712697,0.0001429857,0.0001246364
362,0.0126265321136754,0.002070084,0.00166663,0.00113137,0.0008198855,0.0006775981,0.0004881179,0.0003931735,0.0003462641,0.0003235786,0.000245962,0.0002122656,0.0001706964,0.0001405471,0.0001233465
363,0.0126615085118854,0.002035154,0.001637587,0.00112887,0.0008051261,0.0006694152,0.0004858057,0.0003857273,0.0003426895,0.0003212317,0.0002433764,0.0002086679,0.0001701901,0.0001383173,0.0001218729
364,0.0126964849100954,0.002004164,0.001607223,0.001126276,0.0007916203,0.0006604012,0.0004838289,0.0003785859,0.0003396998,0.0003184835,0.0002412279,0.0002049895,0.000169668,0.0001363287,0.0001202245
365,0.0127314613083053,0.001977091,0.001575821,0.001123327,0.0007794373,0.0006506277,0.0004820513,0.0003718433,0.0003372385,0.0003153129,0.0002394716,0.0002012985,0.0001690516,0.0001346006,0.0001184281
366,0.0127664377065153,0.001953862,0.001543715,0.001119782,0.0007686178,0.0006401896,0.0004803356,0.0003655841,0.0003352321,0.0003117129,0.0002380492,0.0001976714,0.0001682714,0.0001331373,0.0001165204
367,0.0128014141047252,0.001934325,0.001511235,0.001115422,0.0007591678,0.0006292085,0.0004785445,0.0003598716,0.0003335892,0.0003077041,0.0002368894,0.0001941741,0.0001672704,0.0001319274,0.0001145434
368,0.0128363905029352,0.001918271,0.001478725,0.001110066,0.0007510592,0.0006178257,0.0004765521,0.0003547512,0.0003322121,0.0003033187,0.0002359107,0.0001908719,0.0001660057,0.0001309459,0.0001125454
369,0.0128713669011452,0.001905443,0.001446504,0.00110356,0.0007442268,0.0006061837,0.0004742466,0.0003502457,0.0003309963,0.0002986146,0.0002350288,0.0001878192,0.0001644518,0.0001301556,0.0001105765
370,0.0129063432993552,0.001895528,0.001414918,0.001095792,0.0007385781,0.0005944481,0.0004715318,0.0003463536,0.0003298334,0.0002936608,0.0002341588,0.0001850551,0.0001626044,0.0001295087,0.0001086859
371,0.0129413196975651,0.001888176,0.001384272,0.001086682,0.0007339935,0.0005827727,0.0004683275,0.0003430538,0.0003286178,0.0002885303,0.0002332142,0.0001826051,0.0001604741,0.0001289534,0.0001069151
372,0.0129762960957751,0.001883005,0.001354845,0.001076198,0.0007303298,0.0005713149,0.0004645799,0.0003403047,0.0003272529,0.0002833169,0.0002321229,0.0001804814,0.0001580888,0.0001284318,0.0001052994
373,0.013011272493985,0.001879611,0.001326902,0.001064343,0.0007274235,0.0005602276,0.0004602564,0.0003380463,0.0003256506,0.0002781111,0.0002308175,0.0001786792,0.0001554952,0.000127888,0.000103863
374,0.013046248892195,0.001877568,0.001300668,0.001051156,0.0007250968,0.0005496474,0.0004553464,0.0003362044,0.0003237365,0.0002729984,0.0002292475,0.0001771779,0.0001527488,0.0001272704,0.0001026196
375,0.013081225290405,0.001876448,0.001276318,0.001036717,0.0007231711,0.0005396904,0.0004498635,0.0003346899,0.0003214534,0.0002680682,0.0002273736,0.0001759446,0.0001499117,0.0001265327,0.0001015715
376,0.0131162016886149,0.001875813,0.001254012,0.001021135,0.0007214529,0.000530462,0.0004438437,0.0003334053,0.0003187627,0.0002633982,0.0002251791,0.0001749332,0.0001470581,0.0001256388,0.0001007065
377,0.0131511780868249,0.001875246,0.001233844,0.00100455,0.0007197594,0.000522037,0.0004373431,0.000332251,0.0003156427,0.0002590522,0.0002226605,0.0001740906,0.0001442542,0.0001245661,0.0001000044
378,0.0131861544850349,0.001874341,0.00121587,0.0009871293,0.0007179132,0.0005144715,0.0004304356,0.0003311254,0.0003120958,0.0002550869,0.00021983,0.0001733564,0.0001415703,0.0001233016,9.943354e-05
379,0.0132211308832448,0.001872713,0.001200108,0.0009690561,0.0007157424,0.0005077936,0.0004232072,0.00032993,0.0003081384,0.0002515379,0.0002167204,0.0001726675,0.0001390643,0.0001218467,9.895598e-05
380,0.0132561072814548,0.001870008,0.001186521,0.0009505318,0.0007131015,0.0005020064,0.0004157636,0.0003285724,0.0003038091,0.0002484245,0.0002133723,0.0001719592,0.0001367882,0.0001202173,9.852927e-05
381,0.0132910836796648,0.001865912,0.001175041,0.0009317708,0.0007098569,0.0004970887,0.0004082078,0.0003269729,0.0002991605,0.0002457512,0.0002098459,0.0001711753,0.0001347776,0.0001184361,9.810974e-05
382,0.0133260600778747,0.001860144,0.001165554,0.0009129815,0.0007059011,0.0004929919,0.0004006529,0.0003250612,0.0002942573,0.0002435019,0.0002062038,0.0001702606,0.0001330559,0.0001165417,9.765495e-05
383,0.0133610364760847,0.001852471,0.001157913,0.0008943804,0.000701152,0.0004896473,0.0003932076,0.0003227866,0.0002891799,0.0002416466,0.000202517,0.0001691736,0.0001316299,0.0001145769,9.712636e-05
384,0.0133960128742947,0.001842711,0.001151936,0.00087618,0.0006955548,0.0004869676,0.0003859812,0.0003201124,0.0002840082,0.0002401393,0.0001988553,0.0001678812,0.0001304899,0.0001125853,9.649291e-05
385,0.0134309892725046,0.001830727,0.001147417,0.000858568,0.0006890803,0.0004848473,0.0003790679,0.0003170223,0.0002788301,0.0002389233,0.0001952896,0.0001663637,0.0001296127,0.0001106206,9.573159e-05
386,0.0134659656707146,0.001816437,0.001144125,0.0008417381,0.0006817263,0.0004831707,0.000372558,0.0003135162,0.0002737367,0.0002379315,0.000191888,0.0001646158,0.0001289607,0.0001087258,9.482829e-05
387,0.0135009420689246,0.001799803,0.001141816,0.0008258346,0.0006735244,0.0004818121,0.0003665236,0.0003096116,0.0002688071,0.000237089,0.0001887057,0.0001626435,0.0001284877,0.0001069449,9.378253e-05
388,0.0135359184671345,0.001780848,0.001140227,0.0008110063,0.0006645254,0.0004806379,0.0003610206,0.0003053476,0.0002641218,0.0002363188,0.0001857917,0.0001604669,0.0001281357,0.0001053156,9.260063e-05
389,0.0135708948653445,0.00175963,0.001139101,0.0007973599,0.0006548024,0.0004795204,0.000356088,0.0003007697,0.0002597449,0.000235544,0.0001831811,0.0001581157,0.0001278465,0.0001038617,9.130041e-05
390,0.0136058712635545,0.00173627,0.001138172,0.0007849729,0.0006444568,0.0004783303,0.0003517466,0.0002959437,0.0002557329,0.0002346916,0.0001808948,0.0001556306,0.0001275575,0.0001026005,8.990905e-05
391,0.0136408476617644,0.001710911,0.001137185,0.000773906,0.0006336023,0.0004769489,0.0003479981,0.000290941,0.000252124,0.0002336941,0.0001789403,0.000153059,0.0001272093,0.0001015375,8.84577e-05
392,0.0136758240599744,0.00168375,0.001135892,0.000764175,0.0006223699,0.0004752635,0.0003448225,0.0002858424,0.000248944,0.0002324925,0.0001773094,0.0001504547,0.0001267483,0.0001006649,8.698349e-05
393,0.0137108004581844,0.001655016,0.00113407,0.0007557722,0.0006108885,0.0004731823,0.0003421862,0.0002807293,0.0002462013,0.0002310403,0.0001759824,0.000147868,0.0001261304,9.996748e-05,8.552503e-05
394,0.0137457768563943,0.00162496,0.001131505,0.0007486606,0.0005993125,0.0004706248,0.0003400362,0.0002756826,0.0002438865,0.0002293048,0.0001749231,0.0001453536,0.0001253192,9.941705e-05,8.411804e-05
395,0.0137807532546043,0.00159386,0.001128015,0.0007427739,0.0005877889,0.0004675301,0.0003383063,0.0002707876,0.0002419764,0.0002272645,0.0001740883,0.0001429594,0.0001242958,9.898e-05,8.279606e-05
396,0.0138157296528143,0.00156201,0.001123443,0.0007380217,0.000576457,0.0004638607,0.0003369219,0.0002661137,0.0002404334,0.000224917,0.0001734242,0.0001407275,0.0001230499,9.861685e-05,8.158764e-05
397,0.0138507060510242,0.001529715,0.001117665,0.0007342889,0.000565451,0.0004595927,0.0003357949,0.0002617277,0.0002392063,0.0002222682,0.0001728729,0.0001386942,0.0001215862,9.828511e-05,8.051392e-05
398,0.0138856824492342,0.001497287,0.001110586,0.0007314408,0.0005549081,0.0004547322,0.0003348343,0.0002576865,0.0002382352,0.0002193472,0.0001723709,0.0001368817,0.0001199233,9.794239e-05,7.958506e-05
399,0.0139206588474442,0.00146504,0.001102148,0.0007293315,0.000544934,0.0004492981,0.0003339497,0.0002540283,0.0002374509,0.0002161842,0.0001718582,0.0001353048,0.0001180926,9.7548e-05,7.880502e-05
400,0.0139556352456541,0.001433272,0.001092321,0.0007277967,0.0005356363,0.0004433328,0.0003330449,0.0002507809,0.000236779,0.0002128294,0.000171275,0.0001339648,0.0001161323,9.70665e-05,7.816724e-05
401,0.0139906116438641,0.001402281,0.001081117,0.0007266671,0.0005270865,0.0004368932,0.0003320336,0.0002479578,0.0002361472,0.0002093361,0.0001705693,0.0001328526,0.0001140888,9.646956e-05,7.765627e-05
402,0.0140255880420741,0.001372328,0.001068571,0.0007257726,0.0005193501,0.000430053,0.0003308361,0.0002455527,0.0002354809,0.0002057661,0.0001696948,0.0001319479,0.0001120147,9.573707e-05,7.72495e-05
403,0.014060564440284,0.001343679,0.001054758,0.0007249379,0.0005124581,0.0004228993,0.0003293804,0.0002435499,0.000234711,0.0002021826,0.0001686175,0.0001312214,0.0001099634,9.485834e-05,7.691921e-05
404,0.014095540838494,0.001316549,0.001039774,0.0007240017,0.0005064313,0.0004155272,0.0003276082,0.0002419176,0.0002337757,0.000198654,0.0001673115,0.0001306377,0.0001079838,9.383199e-05,7.663282e-05
405,0.014130517236704,0.001291136,0.001023749,0.0007228008,0.0005012614,0.0004080379,0.0003254737,0.0002406101,0.0002326208,0.0001952356,0.0001657663,0.0001301521,0.0001061247,9.266692e-05,7.635698e-05
406,0.0141654936349139,0.001267605,0.001006821,0.0007211915,0.0004969226,0.0004005374,0.000322947,0.0002395747,0.0002312039,0.0001919889,0.0001639838,0.000129721,0.0001044269,9.138231e-05,7.605863e-05
407,0.0142004700331239,0.001246081,0.0009891652,0.0007190444,0.0004933638,0.0003931304,0.000320012,0.0002387483,0.0002294975,0.0001889618,0.0001619743,0.0001292954,0.0001029202,9.000266e-05,7.570699e-05
408,0.0142354464313339,0.001226655,0.0009709561,0.0007162457,0.0004905205,0.0003859219,0.0003166724,0.0002380629,0.0002274836,0.0001861956,0.0001597655,0.0001288316,0.000101625,8.856015e-05,7.527688e-05
409,0.0142704228295438,0.001209376,0.0009523893,0.0007127072,0.0004883096,0.0003789989,0.0003129418,0.0002374481,0.0002251605,0.0001837194,0.000157385,0.0001282872,0.0001005505,8.709028e-05,7.474963e-05
410,0.0143053992277538,0.001194264,0.000933658,0.0007083584,0.0004866326,0.0003724512,0.000308853,0.0002368332,0.0002225402,0.0001815494,0.0001548816,0.0001276274,9.969337e-05,8.562967e-05,7.411401e-05
411,0.0143403756259638,0.00118129,0.0009149586,0.000703153,0.0004853853,0.0003663528,0.0003044498,0.0002361501,0.0002196466,0.0001796923,0.0001523006,0.0001268229,9.903956e-05,8.421471e-05,7.336483e-05
412,0.0143753520241737,0.001170403,0.0008964954,0.0006970714,0.0004844499,0.0003607607,0.0002997888,0.000235336,0.0002165141,0.0001781401,0.0001496929,0.0001258552,9.856424e-05,8.287961e-05,7.250733e-05
413,0.0144103284223837,0.001161509,0.0008784531,0.0006901146,0.0004837106,0.000355721,0.0002949314,0.0002343357,0.0002131895,0.0001768738,0.0001471112,0.0001247141,9.823384e-05,8.165311e-05,7.155447e-05
414,0.0144453048205937,0.001154483,0.0008610098,0.0006823096,0.0004830439,0.0003512614,0.000289953,0.0002331031,0.0002097269,0.0001758642,0.0001446079,0.0001234003,9.800751e-05,8.055664e-05,7.052452e-05
415,0.0144802812188036,0.001149173,0.000844326,0.0006737026,0.0004823341,0.0003473917,0.000284923,0.0002316038,0.0002061821,0.0001750706,0.0001422289,0.0001219234,9.784159e-05,7.960518e-05,6.944334e-05
416,0.0145152576170136,0.001145404,0.0008285576,0.0006643602,0.0004814671,0.0003441058,0.0002799215,0.0002298139,0.0002026202,0.0001744483,0.0001400164,0.0001203003,9.76884e-05,7.880358e-05,6.833548e-05
417,0.0145502340152236,0.001142975,0.0008138273,0.000654374,0.0004803406,0.0003413817,0.0002750245,0.0002277238,0.0001990985,0.0001739444,0.0001380032,0.0001185595,9.750339e-05,7.815011e-05,6.723203e-05
418,0.0145852104134335,0.00114167,0.00080024,0.0006438387,0.0004788605,0.0003391796,0.0002703011,0.0002253364,0.0001956838,0.0001735031,0.0001362146,0.0001167329,9.724394e-05,7.763242e-05,6.61621e-05
419,0.0146201868116435,0.001141264,0.0007878775,0.0006328752,0.0004769478,0.0003374495,0.0002658172,0.0002226677,0.0001924283,0.0001730707,0.0001346644,0.0001148586,9.687326e-05,7.723262e-05,6.51533e-05
420,0.0146551632098535,0.001141518,0.0007767896,0.0006216076,0.0004745383,0.0003361257,0.0002616277,0.0002197409,0.0001893809,0.0001725923,0.0001333556,0.0001129747,9.636274e-05,7.692527e-05,6.422689e-05
421,0.0146901396080634,0.00114219,0.0007670108,0.0006101612,0.0004715821,0.0003351345,0.0002577802,0.0002165941,0.0001865833,0.0001720172,0.0001322824,0.0001111221,9.569189e-05,7.668082e-05,6.340155e-05
422,0.0147251160062734,0.001143042,0.0007585415,0.0005986826,0.0004680496,0.0003343963,0.0002543099,0.0002132736,0.0001840676,0.0001713027,0.0001314261,0.0001093384,9.485297e-05,7.646758e-05,6.268723e-05
423,0.0147600924044834,0.001143837,0.0007513609,0.0005872908,0.000463928,0.0003338219,0.0002512369,0.0002098328,0.0001818529,0.0001704117,0.0001307619,0.0001076597,9.384286e-05,7.625149e-05,6.208845e-05
424,0.0147950688026933,0.001144349,0.0007454203,0.000576129,0.0004592245,0.0003333252,0.0002485723,0.0002063262,0.0001799476,0.0001693164,0.0001302552,0.0001061148,9.267591e-05,7.60023e-05,6.160084e-05
425,0.0148300452009033,0.001144367,0.0007406511,0.0005653166,0.0004539575,0.0003328184,0.0002463117,0.0002028129,0.0001783488,0.0001680013,0.0001298663,0.0001047251,9.136778e-05,7.569055e-05,6.121544e-05
426,0.0148650215991133,0.001143693,0.0007369607,0.0005549697,0.0004481702,0.0003322189,0.0002444377,0.0001993523,0.0001770429,0.0001664576,0.0001295521,0.0001035064,8.994992e-05,7.529354e-05,6.091539e-05
427,0.0148999979973232,0.00114215,0.0007342396,0.0005451923,0.0004419145,0.0003314451,0.0002429215,0.0001960022,0.0001760049,0.0001646905,0.0001292663,0.000102465,8.845379e-05,7.479354e-05,6.067904e-05
428,0.0149349743955332,0.001139582,0.0007323617,0.0005360742,0.0004352556,0.0003304302,0.000241724,0.0001928121,0.0001751996,0.0001627124,0.0001289638,0.0001015982,8.691891e-05,7.417961e-05,6.04824e-05
429,0.0149699507937432,0.001135863,0.0007311903,0.0005276842,0.0004282744,0.000329113,0.0002407983,0.000189831,0.0001745867,0.0001605503,0.0001286012,0.0001008959,8.538568e-05,7.345041e-05,6.029946e-05
430,0.0150049271919531,0.001130888,0.0007305738,0.0005200856,0.0004210539,0.0003274438,0.0002400857,0.0001870942,0.0001741169,0.0001582306,0.0001281399,0.0001003399,8.389354e-05,7.261186e-05,6.010379e-05
431,0.0150399035901631,0.00112458,0.0007303584,0.0005133069,0.0004136855,0.0003253899,0.0002395277,0.0001846323,0.0001737391,0.0001557963,0.0001275481,9.99051e-05,8.247937e-05,7.167391e-05,5.987094e-05
432,0.0150748799883731,0.001116893,0.0007303858,0.0005073722,0.000406272,0.0003229276,0.0002390583,0.000182463,0.0001733999,0.0001532882,0.0001267999,9.9563e-05,8.117648e-05,7.065529e-05,5.958036e-05
433,0.015109856386583,0.001107809,0.0007304959,0.0005022786,0.0003989025,0.0003200487,0.0002386139,0.0001805939,0.000173046,0.0001507526,0.0001258788,9.927843e-05,8.001184e-05,6.957896e-05,5.92156e-05
434,0.0151448502380855,0.001097338,0.0007305345,0.000498006,0.0003916739,0.000316761,0.0002381299,0.0001790223,0.0001726264,0.0001482376,0.0001247769,9.901765e-05,7.900405e-05,6.847447e-05,5.876568e-05
435,0.015179809183003,0.001085518,0.000730355,0.0004945191,0.0003846771,0.0003130844,0.0002375479,0.0001777345,0.0001720939,0.0001457884,0.0001234947,9.874548e-05,7.816268e-05,6.736985e-05,5.822635e-05
436,0.0152148030345054,0.001072408,0.0007298171,0.0004917614,0.0003779953,0.0003090499,0.0002368119,0.0001767074,0.0001714093,0.0001434491,0.0001220441,9.842876e-05,7.74892e-05,6.629061e-05,5.7601e-05
437,0.0152497794327154,0.001058103,0.0007287947,0.0004896654,0.0003716997,0.0003047014,0.0002358746,0.000175909,0.0001705391,0.0001412572,0.0001204427,9.803743e-05,7.697649e-05,6.526776e-05,5.68954e-05
438,0.0152847383776329,0.001042705,0.0007271763,0.0004881494,0.0003658592,0.0003000937,0.0002346992,0.0001752992,0.0001694601,0.0001392458,0.0001187191,9.754665e-05,7.660734e-05,6.432149e-05,5.612398e-05
439,0.0153197322291353,0.001026349,0.0007248676,0.0004871227,0.0003605188,0.0002952866,0.0002332549,0.0001748347,0.000168157,0.0001374382,0.0001169027,9.693831e-05,7.63595e-05,6.347248e-05,5.530577e-05
440,0.0153547086273453,0.001009176,0.00072179,0.0004864809,0.0003557199,0.0002903479,0.0002315247,0.0001744651,0.0001666246,0.0001358508,0.0001150288,9.619982e-05,7.620327e-05,6.273286e-05,5.446108e-05
441,0.0153896850255553,0.0009913574,0.000717886,0.0004861182,0.0003514826,0.0002853485,0.0002295021,0.0001741404,0.0001648711,0.0001344909,0.0001131381,9.532798e-05,7.610497e-05,6.210924e-05,5.361344e-05
442,0.0154246614237652,0.0009730505,0.0007131182,0.0004859262,0.0003478185,0.0002803594,0.0002271902,0.0001738099,0.0001629077,0.0001333572,0.0001112693,9.432469e-05,7.603002e-05,6.160118e-05,5.278599e-05
443,0.0154596378219752,0.0009544375,0.0007074707,0.0004857932,0.0003447204,0.0002754568,0.000224603,0.0001734241,0.0001607613,0.0001324377,0.0001094593,9.319974e-05,7.594264e-05,6.120202e-05,5.200004e-05
444,0.0154946142201852,0.0009357086,0.0007009454,0.0004856099,0.0003421679,0.000270706,0.0002217671,0.0001729386,0.0001584609,0.0001317136,0.0001077461,9.197147e-05,7.580894e-05,6.089871e-05,5.127508e-05
445,0.0155295906183951,0.0009170326,0.0006935664,0.0004852767,0.0003401277,0.0002661693,0.0002187127,0.0001723132,0.0001560428,0.0001311595,0.0001061575,9.066096e-05,7.559889e-05,6.067314e-05,5.062561e-05
446,0.0155645670166051,0.000898596,0.0006853744,0.0004846931,0.0003385543,0.0002619036,0.0002154849,0.0001715154,0.0001535504,0.0001307425,0.0001047195,8.929526e-05,7.528703e-05,6.050265e-05,5.006221e-05
447,0.0155995434148151,0.0008805719,0.0006764316,0.0004837731,0.0003373922,0.0002579596,0.0002121264,0.0001705205,0.0001510283,0.0001304255,0.0001034495,8.790255e-05,7.485646e-05,6.036301e-05,4.958901e-05
448,0.015634519813025,0.0008631202,0.000666811,0.0004824403,0.0003365756,0.0002543725,0.0002086903,0.0001693114,0.0001485206,0.0001301689,0.000102358,8.651552e-05,7.429461e-05,6.022831e-05,4.920532e-05
449,0.015669496211235,0.0008463984,0.0006566027,0.0004806316,0.0003360317,0.0002511714,0.0002052319,0.0001678806,0.000146074,0.0001299316,0.0001014471,8.516164e-05,7.360028e-05,6.007336e-05,4.890406e-05
450,0.015704472609445,0.0008305372,0.0006459123,0.0004782962,0.0003356842,0.0002483726,0.0002018022,0.0001662311,0.0001437295,0.0001296729,0.000100711,8.387017e-05,7.277821e-05,5.987505e-05,4.867404e-05
451,0.0157394490076549,0.0008156637,0.0006348463,0.000475398,0.0003354533,0.0002459808,0.0001984572,0.0001643731,0.0001415244,0.0001293544,0.0001001369,8.266753e-05,7.183884e-05,5.961383e-05,4.849867e-05
452,0.0157744254058649,0.0008018774,0.0006235247,0.0004719182,0.0003352576,0.0002439866,0.0001952434,0.0001623265,0.0001394929,0.0001289427,9.97044e-05,8.157298e-05,7.080326e-05,5.927413e-05,4.836036e-05
453,0.0158094018040749,0.0007892578,0.0006120717,0.0004678541,0.0003350188,0.0002423734,0.0001922093,0.0001601166,0.0001376579,0.0001284073,9.938813e-05,8.0602e-05,6.969558e-05,5.884668e-05,4.823748e-05
454,0.0158443782022848,0.0007778712,0.0006006084,0.0004632122,0.0003346607,0.0002411116,0.0001893918,0.000157777,0.000136039,0.0001277255,9.915757e-05,7.976343e-05,6.854423e-05,5.832718e-05,4.810985e-05
455,0.0158793546004948,0.0007677524,0.0005892603,0.0004580226,0.0003341149,0.0002401634,0.0001868212,0.0001553474,0.000134645,0.0001268817,9.89801e-05,7.905983e-05,6.738013e-05,5.771872e-05,4.795755e-05
456,0.0159143309987048,0.0007589213,0.0005781481,0.0004523188,0.000333318,0.0002394818,0.0001845228,0.0001528673,0.0001334761,0.0001258668,9.88203e-05,7.84872e-05,6.623481e-05,5.702866e-05,4.776297e-05
457,0.0159493073969147,0.0007513728,0.0005673837,0.0004461564,0.0003322165,0.0002390151,0.0001825086,0.0001503809,0.000132526,0.0001246821,9.864551e-05,7.80359e-05,6.513739e-05,5.626975e-05,4.751128e-05
458,0.0159842837951247,0.0007450808,0.0005570748,0.0004395979,0.0003307681,0.000238705,0.0001807833,0.0001479293,0.0001317782,0.0001233324,9.842202e-05,7.76889e-05,6.411641e-05,5.545834e-05,4.719395e-05
459,0.0160192601933347,0.0007399958,0.0005473135,0.0004327111,0.0003289397,0.000238491,0.000179344,0.0001455546,0.0001312104,0.0001218348,9.812097e-05,7.742699e-05,6.319381e-05,5.46176e-05,4.680523e-05
460,0.0160542365915446,0.0007360557,0.0005381849,0.0004255818,0.0003267111,0.0002383136,0.0001781763,0.0001432992,0.0001307939,0.0001202096,9.771923e-05,7.722513e-05,6.238699e-05,5.376643e-05,4.634526e-05
461,0.0160892129897546,0.0007331745,0.0005297623,0.0004182877,0.0003240736,0.0002381097,0.0001772575,0.0001411909,0.0001304949,0.0001184848,9.719621e-05,7.70571e-05,6.170684e-05,5.293031e-05,4.581915e-05
462,0.0161241893879646,0.0007312538,0.0005220964,0.0004109204,0.0003210322,0.0002378221,0.000176559,0.0001392597,0.0001302762,0.0001166885,9.654053e-05,7.689693e-05,6.115828e-05,5.213172e-05,4.523656e-05
463,0.0161591657861745,0.0007301806,0.0005152299,0.0004035682,0.0003175995,0.000237399,0.0001760457,0.0001375282,0.0001300985,0.0001148544,9.574532e-05,7.671768e-05,6.073744e-05,5.138681e-05,4.46126e-05
464,0.0161941421843845,0.0007298284,0.0005091822,0.0003963195,0.0003138053,0.0002367902,0.0001756742,0.0001360095,0.0001299226,0.0001130179,9.481216e-05,7.649418e-05,6.043522e-05,5.071438e-05,4.395967e-05
465,0.0162291185825945,0.0007300657,0.0005039644,0.0003892582,0.0003096847,0.0002359568,0.0001754031,0.0001347099,0.0001297095,0.0001112164,9.374948e-05,7.620482e-05,6.023415e-05,5.012539e-05,4.330051e-05
466,0.0162640949808044,0.0007307494,0.0004995657,0.0003824614,0.0003052813,0.0002348649,0.0001751847,0.0001336292,0.0001294235,0.0001094822,9.257108e-05,7.583237e-05,6.011603e-05,4.96263e-05,4.265072e-05
467,0.0162990713790144,0.0007317374,0.0004959627,0.0003760074,0.0003006525,0.0002334931,0.0001749724,0.0001327549,0.0001290325,0.0001078443,9.12998e-05,7.536359e-05,6.005348e-05,4.921954e-05,4.202926e-05
468,0.0163340477772244,0.0007328857,0.0004931152,0.0003699544,0.000295847,0.0002318262,0.0001747223,0.000132072,0.0001285107,0.0001063322,8.995469e-05,7.479281e-05,6.002018e-05,4.889978e-05,4.145132e-05
469,0.0163690241754343,0.0007340458,0.0004909679,0.0003643611,0.0002909411,0.0002298623,0.0001743906,0.0001315574,0.0001278391,0.0001049632,8.856763e-05,7.411469e-05,5.99894e-05,4.866071e-05,4.093048e-05
470,0.0164040005736443,0.0007350828,0.0004894588,0.0003592694,0.0002859942,0.0002276057,0.0001739382,0.0001311823,0.000127,0.0001037547,8.716694e-05,7.333952e-05,5.993271e-05,4.848689e-05,4.047558e-05
471,0.0164389769718543,0.00073586,0.00048851,0.000354709,0.000281071,0.0002250768,0.0001733329,0.0001309141,0.0001259912,0.0001027137,8.578158e-05,7.247272e-05,5.98253e-05,4.83625e-05,4.009275e-05
472,0.0164739533700642,0.0007362533,0.0004880335,0.0003507028,0.0002762406,0.0002222922,0.000172548,0.000130717,0.0001248124,0.0001018437,8.443999e-05,7.152643e-05,5.964566e-05,4.826852e-05,3.978157e-05
473,0.0165089297682742,0.0007361465,0.0004879409,0.0003472549,0.0002715607,0.0002192884,0.0001715627,0.0001305537,0.0001234703,0.0001011382,8.317154e-05,7.052661e-05,5.937832e-05,4.818524e-05,3.953878e-05
474,0.0165439061664842,0.000735441,0.0004881303,0.0003443615,0.00026709,0.0002161061,0.0001703655,0.0001303865,0.0001219802,0.0001005868,8.199921e-05,6.948896e-05,5.900886e-05,4.809158e-05,3.935574e-05
475,0.0165788825646941,0.0007340453,0.0004885028,0.0003420012,0.0002628831,0.0002127809,0.0001689526,0.0001301781,0.0001203648,0.0001001708,8.094013e-05,6.843756e-05,5.853569e-05,4.796871e-05,3.922086e-05
476,0.0166138589629041,0.0007318914,0.0004889606,0.0003401487,0.0002589799,0.0002093694,0.0001673287,0.0001298974,0.0001186491,9.986913e-05,8.000877e-05,6.739632e-05,5.79575e-05,4.780045e-05,3.911974e-05
477,0.0166488353611141,0.0007289174,0.0004893947,0.000338762,0.0002554231,0.0002059222,0.0001655059,0.0001295127,0.0001168607,9.965551e-05,7.921438e-05,6.63897e-05,5.728292e-05,4.757208e-05,3.903626e-05
478,0.016683811759324,0.0007250843,0.0004897158,0.0003377903,0.0002522327,0.0002024857,0.0001634981,0.0001289993,0.0001150355,9.949969e-05,7.855711e-05,6.543637e-05,5.652301e-05,4.727714e-05,3.895351e-05
479,0.016718788157534,0.0007203752,0.0004898299,0.0003371804,0.0002494298,0.0001991153,0.0001613348,0.0001283387,0.0001132054,9.937216e-05,7.80334e-05,6.455641e-05,5.569692e-05,4.69076e-05,3.885518e-05
480,0.016753764555744,0.0007147788,0.0004896495,0.000336863,0.0002470193,0.0001958548,0.0001590462,0.0001275179,0.0001114064,9.92411e-05,7.763371e-05,6.376552e-05,5.48258e-05,4.646531e-05,3.872698e-05
481,0.0167887409539539,0.0007083117,0.0004891005,0.000336771,0.0002450014,0.0001927516,0.0001566659,0.0001265311,0.0001096707,9.907746e-05,7.734184e-05,6.307341e-05,5.393232e-05,4.595463e-05,3.85557e-05
482,0.0168237173521639,0.0007009989,0.0004881151,0.000336834,0.0002433604,0.0001898424,0.0001542313,0.0001253795,0.0001080247,9.885371e-05,7.713825e-05,6.248432e-05,5.304066e-05,4.538459e-05,3.833259e-05
483,0.0168586937503739,0.0006928848,0.0004866401,0.0003369741,0.0002420754,0.0001871658,0.0001517802,0.0001240683,0.0001064979,9.854464e-05,7.700085e-05,6.199983e-05,5.217598e-05,4.476865e-05,3.805345e-05
484,0.0168936701485838,0.0006840316,0.0004846316,0.0003371215,0.0002411164,0.0001847449,0.0001493551,0.000122613,0.0001051112,9.81314e-05,7.690325e-05,6.161463e-05,5.136211e-05,4.412086e-05,3.771507e-05
485,0.0169286465467938,0.0006745063,0.0004820572,0.0003372022,0.0002404452,0.0001825993,0.000146993,0.0001210329,0.0001038793,9.759938e-05,7.681925e-05,6.131941e-05,5.061747e-05,4.345876e-05,3.732121e-05
486,0.0169636229450038,0.0006643953,0.0004789001,0.0003371466,0.000240018,0.000180741,0.0001447289,0.0001193533,0.0001028133,9.69383e-05,7.67239e-05,6.110158e-05,4.995802e-05,4.28031e-05,3.687854e-05
487,0.0169985993432137,0.0006537947,0.0004751572,0.0003368951,0.0002397837,0.0001791707,0.0001425975,0.0001175998,0.0001019168,9.614594e-05,7.659037e-05,6.094345e-05,4.939493e-05,4.216806e-05,3.639775e-05
488,0.0170335757414237,0.0006427996,0.0004708372,0.0003363897,0.000239691,0.0001778835,0.0001406256,0.0001158029,0.0001011866,9.522565e-05,7.639706e-05,6.08257e-05,4.893439e-05,4.157293e-05,3.589132e-05
489,0.0170685521396337,0.000631523,0.0004659598,0.0003355806,0.0002396826,0.0001768658,0.0001388359,0.0001139972,0.0001006137,9.418349e-05,7.612435e-05,6.072829e-05,4.857711e-05,4.102984e-05,3.537033e-05
490,0.0171035285378436,0.0006200777,0.0004605593,0.000334428,0.0002397038,0.0001760954,0.0001372432,0.0001122102,0.0001001832,9.303362e-05,7.575731e-05,6.062928e-05,4.831715e-05,4.055096e-05,3.485375e-05
491,0.0171385049360536,0.0006085683,0.0004546779,0.0003329009,0.0002396997,0.0001755467,0.000135861,0.0001104801,9.987714e-05,9.179534e-05,7.528708e-05,6.050824e-05,4.81444e-05,4.014258e-05,3.435541e-05
492,0.0171734813342636,0.0005971203,0.0004483696,0.0003309814,0.0002396137,0.0001751832,0.0001346898,0.0001088311,9.9669e-05,9.049063e-05,7.471018e-05,6.034604e-05,4.804334e-05,3.980727e-05,3.388823e-05
493,0.0172084577324735,0.0005858397,0.0004417012,0.0003286561,0.0002394014,0.0001749699,0.0001337257,0.0001072898,9.953494e-05,8.914318e-05,7.402302e-05,6.012761e-05,4.799729e-05,3.954357e-05,3.346303e-05
494,0.0172434341306835,0.0005748309,0.0004347347,0.0003259256,0.0002390148,0.0001748623,0.0001329598,0.0001058776,9.944388e-05,8.778136e-05,7.323545e-05,5.984009e-05,4.79854e-05,3.934664e-05,3.309006e-05
495,0.0172784105288935,0.0005642009,0.0004275549,0.0003228017,0.0002384154,0.0001748201,0.0001323738,0.0001046125,9.936699e-05,8.642716e-05,7.235861e-05,5.947448e-05,4.798436e-05,3.920672e-05,3.277367e-05
496,0.0173133869271034,0.0005540422,0.0004202332,0.0003192995,0.0002375729,0.0001747977,0.0001319479,0.0001035057,9.927368e-05,8.51137e-05,7.140332e-05,5.902494e-05,4.797288e-05,3.911141e-05,3.251545e-05
497,0.0173483633253134,0.0005444391,0.0004128572,0.0003154566,0.0002364618,0.0001747516,0.0001316539,0.0001025617,9.913689e-05,8.386144e-05,7.039359e-05,5.849535e-05,4.793002e-05,3.904543e-05,3.231389e-05
498,0.0173833397235234,0.0005354641,0.0004055046,0.0003113014,0.0002350675,0.0001746401,0.0001314625,0.0001017813,9.893002e-05,8.269194e-05,6.934798e-05,5.788592e-05,4.783722e-05,3.899391e-05,3.216326e-05
499,0.0174183161217333,0.0005271888,0.000398253,0.000306884,0.0002333812,0.0001744251,0.0001313411,0.0001011576,9.863205e-05,8.162548e-05,6.828838e-05,5.720784e-05,4.767908e-05,3.893927e-05,3.205512e-05
500,0.0174532925199433,0.0005196481,0.0003911828,0.0003022537,0.0002314032,0.000174073,0.0001312544,0.0001006782,9.822514e-05,8.067457e-05,6.724065e-05,5.647448e-05,4.744457e-05,3.886678e-05,3.19778e-05
